127 1662720794 1,600000 -1,000000 -101,000000 0,000000 0,000000
127 1662720795 1,600000 -1,000000 -101,000000 0,000000 0,000000
127 1662720796 1,600000 -1,000000 -101,000000 0,000000 0,000000
127 1662720797 1,600000 -1,000000 -101,000000 0,000000 0,000000
127 1662720798 1,600000 -1,000000 -101,000000 0,000000 0,000000
127 1662720799 1,400000 -1,000000 -101,000000 0,000000 0,000000
127 1662720800 1,400000 -1,000000 -101,000000 0,000000 0,000000
127 1662720801 1,400000 -1,000000 -101,000000 0,000000 0,000000
127 1662720802 1,400000 -1,000000 -101,000000 0,000000 0,000000
127 1662720803 1,400000 -1,000000 -101,000000 0,000000 0,000000
127 1662720804 2,800000 -1,000000 -101,000000 0,000000 0,000000
127 1662720805 2,800000 -1,000000 -101,000000 0,000000 0,000000
127 1662720806 2,800000 -1,000000 -101,000000 0,000000 0,000000
127 1662720807 2,800000 -1,000000 -101,000000 0,000000 0,000000
127 1662720808 2,800000 -1,000000 -101,000000 0,000000 0,000000
127 1662720809 1,600000 -1,000000 -101,000000 0,000000 0,000000
127 1662720810 1,600000 -1,000000 -101,000000 0,000000 0,000000
127 1662720811 1,600000 -1,000000 -101,000000 0,000000 0,000000
127 1662720812 1,600000 -1,000000 -101,000000 0,000000 0,000000
127 1662720813 1,600000 -1,000000 -101,000000 0,000000 0,000000
127 1662720814 3,000000 -1,000000 -101,000000 0,000000 0,000000
127 1662720815 3,000000 -1,000000 -101,000000 0,000000 0,000000
127 1662720816 3,000000 -1,000000 -101,000000 0,000000 0,000000
127 1662720817 3,000000 -1,000000 -101,000000 0,000000 0,000000
127 1662720818 3,000000 -1,000000 -101,000000 0,000000 0,000000
127 1662720819 2,600000 -1,000000 -101,000000 0,000000 0,000000
127 1662720820 2,600000 -1,000000 -101,000000 0,000000 0,000000
127 1662720821 2,600000 -1,000000 -101,000000 0,000000 0,000000
127 1662720822 2,600000 -1,000000 -101,000000 0,000000 0,000000
127 1662720823 2,600000 -1,000000 -101,000000 0,000000 0,000000
127 1662720824 5,000000 -1,000000 -101,000000 0,000000 0,000000
127 1662720825 5,000000 -1,000000 -101,000000 0,000000 0,000000
127 1662720826 5,000000 -1,000000 -101,000000 0,000000 0,000000
127 1662720827 5,000000 -1,000000 -101,000000 0,000000 0,000000
127 1662720828 5,000000 -1,000000 -101,000000 0,000000 0,000000
127 1662720829 1,400000 -1,000000 -101,000000 0,000000 0,000000
127 1662720830 1,400000 -1,000000 -101,000000 0,000000 0,000000
127 1662720831 1,400000 -1,000000 -101,000000 0,000000 0,000000
127 1662720832 1,400000 -1,000000 -101,000000 0,000000 0,000000
127 1662720833 1,400000 -1,000000 -101,000000 0,000000 0,000000
127 1662720834 3,200000 -1,000000 -101,000000 0,000000 0,000000
127 1662720835 3,200000 -1,000000 -101,000000 0,000000 0,000000
127 1662720836 3,200000 -1,000000 -101,000000 0,000000 0,000000
127 1662720837 3,200000 -1,000000 -101,000000 0,000000 0,000000
127 1662720838 3,200000 -1,000000 -101,000000 0,000000 0,000000
127 1662720839 1,400000 -1,000000 -101,000000 0,000000 0,000000
127 1662720840 1,400000 -1,000000 -101,000000 0,000000 0,000000
127 1662720841 1,400000 -1,000000 -101,000000 0,000000 0,000000
127 1662720842 1,400000 -1,000000 -101,000000 0,000000 0,000000
127 1662720843 1,400000 -1,000000 -101,000000 0,000000 0,000000
127 1662720844 2,800000 -1,000000 -101,000000 0,000000 0,000000
127 1662720845 2,800000 -1,000000 -101,000000 0,000000 0,000000
127 1662720846 2,800000 -1,000000 -101,000000 0,000000 0,000000
127 1662720847 2,800000 -1,000000 -101,000000 0,000000 0,000000
127 1662720848 2,800000 -1,000000 -101,000000 0,000000 0,000000
127 1662720849 1,600000 -1,000000 -101,000000 0,000000 0,000000
127 1662720850 1,600000 -1,000000 -101,000000 0,000000 0,000000
127 1662720851 1,600000 -1,000000 -101,000000 0,000000 0,000000
127 1662720852 1,600000 -1,000000 -101,000000 0,000000 0,000000
127 1662720853 1,600000 -1,000000 -101,000000 0,000000 0,000000
127 1662720854 4,600000 -1,000000 -101,000000 0,000000 0,000000
127 1662720855 4,600000 -1,000000 -101,000000 0,000000 0,000000
127 1662720856 4,600000 -1,000000 -101,000000 0,000000 0,000000
127 1662720857 4,600000 -1,000000 -101,000000 0,000000 0,000000
127 1662720858 4,600000 -1,000000 -101,000000 0,000000 0,000000
127 1662720859 2,600000 -1,000000 -101,000000 0,000000 0,000000
127 1662720860 2,600000 -1,000000 -101,000000 0,000000 0,000000
127 1662720861 2,600000 -1,000000 -101,000000 0,000000 0,000000
127 1662720862 2,600000 -1,000000 -101,000000 0,000000 0,000000
127 1662720863 2,600000 -1,000000 -101,000000 0,000000 0,000000
127 1662720864 4,600000 -1,000000 -101,000000 0,000000 0,000000
127 1662720865 4,600000 -1,000000 -101,000000 0,000000 0,000000
127 1662720866 4,600000 -1,000000 -101,000000 0,000000 0,000000
127 1662720867 4,600000 -1,000000 -101,000000 0,000000 0,000000
127 1662720868 4,600000 -1,000000 -101,000000 0,000000 0,000000
127 1662720869 3,000000 -1,000000 -101,000000 0,000000 0,000000
127 1662720870 3,000000 -1,000000 -101,000000 0,000000 0,000000
127 1662720871 3,000000 -1,000000 -101,000000 0,000000 0,000000
127 1662720872 3,000000 -1,000000 -101,000000 0,000000 0,000000
127 1662720873 3,000000 -1,000000 -101,000000 0,000000 0,000000
127 1662720874 6,200000 -1,000000 -101,000000 0,000000 0,000000
127 1662720875 6,200000 -1,000000 -101,000000 0,000000 0,000000
127 1662720876 6,200000 -1,000000 -101,000000 0,000000 0,000000
127 1662720877 6,200000 -1,000000 -101,000000 0,000000 0,000000
127 1662720878 6,200000 -1,000000 -101,000000 0,000000 0,000000
127 1662720879 5,400000 -1,000000 -101,000000 0,000000 0,000000
127 1662720880 5,400000 -1,000000 -101,000000 0,000000 0,000000
127 1662720881 5,400000 -1,000000 -101,000000 0,000000 0,000000
127 1662720882 5,400000 -1,000000 -101,000000 0,000000 0,000000
127 1662720883 5,400000 -1,000000 -101,000000 0,000000 0,000000
127 1662720884 7,800000 -1,000000 -101,000000 0,000000 0,000000
127 1662720885 7,800000 -1,000000 -101,000000 0,000000 0,000000
127 1662720886 7,800000 -1,000000 -101,000000 0,000000 0,000000
127 1662720887 7,800000 -1,000000 -101,000000 0,000000 0,000000
127 1662720888 7,800000 -1,000000 -101,000000 0,000000 0,000000
127 1662720889 3,800000 -1,000000 -101,000000 0,000000 0,000000
127 1662720890 3,800000 -1,000000 -101,000000 0,000000 0,000000
127 1662720891 3,800000 -1,000000 -101,000000 0,000000 0,000000
127 1662720892 3,800000 -1,000000 -101,000000 0,000000 0,000000
127 1662720893 3,800000 -1,000000 -101,000000 0,000000 0,000000
127 1662720894 3,400000 -1,000000 -101,000000 0,000000 0,000000
127 1662720895 3,400000 -1,000000 -101,000000 0,000000 0,000000
127 1662720896 3,400000 -1,000000 -101,000000 0,000000 0,000000
127 1662720897 3,400000 -1,000000 -101,000000 0,000000 0,000000
127 1662720898 3,400000 -1,000000 -101,000000 0,000000 0,000000
127 1662720899 1,800000 -1,000000 -101,000000 0,000000 0,000000
127 1662720900 1,800000 -1,000000 -101,000000 0,000000 0,000000
127 1662720901 1,800000 -1,000000 -101,000000 0,000000 0,000000
127 1662720902 1,800000 -1,000000 -101,000000 0,000000 0,000000
127 1662720903 1,800000 -1,000000 -101,000000 0,000000 0,000000
127 1662720904 2,800000 -1,000000 -101,000000 0,000000 0,000000
127 1662720905 2,800000 -1,000000 -101,000000 0,000000 0,000000
127 1662720906 2,800000 -1,000000 -101,000000 0,000000 0,000000
127 1662720907 2,800000 -1,000000 -101,000000 0,000000 0,000000
127 1662720908 2,800000 -1,000000 -101,000000 0,000000 0,000000
127 1662720909 0,600000 -1,000000 -101,000000 0,000000 0,000000
127 1662720910 0,600000 -1,000000 -101,000000 0,000000 0,000000
127 1662720911 0,600000 -1,000000 -101,000000 0,000000 0,000000
127 1662720912 0,600000 -1,000000 -101,000000 0,000000 0,000000
127 1662720913 0,600000 -1,000000 -101,000000 0,000000 0,000000
127 1662720914 1,800000 -1,000000 -101,000000 0,000000 0,000000
127 1662720915 1,800000 -1,000000 -101,000000 0,000000 0,000000
127 1662720916 1,800000 -1,000000 -101,000000 0,000000 0,000000
127 1662720917 1,800000 -1,000000 -101,000000 0,000000 0,000000
127 1662720918 1,800000 -1,000000 -101,000000 0,000000 0,000000
127 1662720919 2,000000 -1,000000 -101,000000 0,000000 0,000000
127 1662720920 2,000000 -1,000000 -101,000000 0,000000 0,000000
127 1662720921 2,000000 -1,000000 -101,000000 0,000000 0,000000
127 1662720922 2,000000 -1,000000 -101,000000 0,000000 0,000000
127 1662720923 2,000000 -1,000000 -101,000000 0,000000 0,000000
127 1662720924 6,200000 -1,000000 -101,000000 0,000000 0,000000
127 1662720925 6,200000 -1,000000 -101,000000 0,000000 0,000000
127 1662720926 6,200000 -1,000000 -101,000000 0,000000 0,000000
127 1662720927 6,200000 -1,000000 -101,000000 0,000000 0,000000
127 1662720928 6,200000 -1,000000 -101,000000 0,000000 0,000000
127 1662720929 3,200000 -1,000000 -101,000000 0,000000 0,000000
127 1662720930 3,200000 -1,000000 -101,000000 0,000000 0,000000
127 1662720931 3,200000 -1,000000 -101,000000 0,000000 0,000000
127 1662720932 3,200000 -1,000000 -101,000000 0,000000 0,000000
127 1662720933 3,200000 -1,000000 -101,000000 0,000000 0,000000
127 1662720934 3,400000 -1,000000 -101,000000 0,000000 0,000000
127 1662720935 3,400000 -1,000000 -101,000000 0,000000 0,000000
127 1662720936 3,400000 -1,000000 -101,000000 0,000000 0,000000
127 1662720937 3,400000 -1,000000 -101,000000 0,000000 0,000000
127 1662720938 3,400000 -1,000000 -101,000000 0,000000 0,000000
127 1662720939 1,800000 -1,000000 -101,000000 0,000000 0,000000
127 1662720940 1,800000 -1,000000 -101,000000 0,000000 0,000000
127 1662720941 1,800000 -1,000000 -101,000000 0,000000 0,000000
127 1662720942 1,800000 -1,000000 -101,000000 0,000000 0,000000
127 1662720943 1,800000 -1,000000 -101,000000 0,000000 0,000000
127 1662720944 6,200000 -1,000000 -101,000000 0,000000 0,000000
127 1662720945 6,200000 -1,000000 -101,000000 0,000000 0,000000
127 1662720946 6,200000 -1,000000 -101,000000 0,000000 0,000000
127 1662720947 6,200000 -1,000000 -101,000000 0,000000 0,000000
127 1662720948 6,200000 -1,000000 -101,000000 0,000000 0,000000
127 1662720949 5,200000 -1,000000 -101,000000 0,000000 0,000000
127 1662720950 5,200000 -1,000000 -101,000000 0,000000 0,000000
127 1662720951 5,200000 -1,000000 -101,000000 0,000000 0,000000
127 1662720952 5,200000 -1,000000 -101,000000 0,000000 0,000000
127 1662720953 5,200000 -1,000000 -101,000000 0,000000 0,000000
127 1662720954 4,000000 -1,000000 -101,000000 0,000000 0,000000
127 1662720955 4,000000 -1,000000 -101,000000 0,000000 0,000000
127 1662720956 4,000000 -1,000000 -101,000000 0,000000 0,000000
127 1662720957 4,000000 -1,000000 -101,000000 0,000000 0,000000
127 1662720958 4,000000 -1,000000 -101,000000 0,000000 0,000000
127 1662720959 2,400000 -1,000000 -101,000000 0,000000 0,000000
127 1662720960 2,400000 -1,000000 -101,000000 0,000000 0,000000
127 1662720961 2,400000 -1,000000 -101,000000 0,000000 0,000000
127 1662720962 2,400000 -1,000000 -101,000000 0,000000 0,000000
127 1662720963 2,400000 -1,000000 -101,000000 0,000000 0,000000
127 1662720964 3,000000 -1,000000 -101,000000 0,000000 0,000000
127 1662720965 3,000000 -1,000000 -101,000000 0,000000 0,000000
127 1662720966 3,000000 -1,000000 -101,000000 0,000000 0,000000
127 1662720967 3,000000 -1,000000 -101,000000 0,000000 0,000000
127 1662720968 3,000000 -1,000000 -101,000000 0,000000 0,000000
127 1662720969 1,000000 -1,000000 -101,000000 0,000000 0,000000
127 1662720970 1,000000 -1,000000 -101,000000 0,000000 0,000000
127 1662720971 1,000000 -1,000000 -101,000000 0,000000 0,000000
127 1662720972 1,000000 -1,000000 -101,000000 0,000000 0,000000
127 1662720973 1,000000 -1,000000 -101,000000 0,000000 0,000000
127 1662720974 3,600000 -1,000000 -101,000000 0,000000 0,000000
127 1662720975 3,600000 -1,000000 -101,000000 0,000000 0,000000
127 1662720976 3,600000 -1,000000 -101,000000 0,000000 0,000000
127 1662720977 3,600000 -1,000000 -101,000000 0,000000 0,000000
127 1662720978 3,600000 -1,000000 -101,000000 0,000000 0,000000
127 1662720979 4,600000 -1,000000 -101,000000 0,000000 0,000000
127 1662720980 4,600000 -1,000000 -101,000000 0,000000 0,000000
127 1662720981 4,600000 -1,000000 -101,000000 0,000000 0,000000
127 1662720982 4,600000 -1,000000 -101,000000 0,000000 0,000000
127 1662720983 4,600000 -1,000000 -101,000000 0,000000 0,000000
127 1662720984 5,000000 -1,000000 -101,000000 0,000000 0,000000
127 1662720985 5,000000 -1,000000 -101,000000 0,000000 0,000000
127 1662720986 5,000000 -1,000000 -101,000000 0,000000 0,000000
127 1662720987 5,000000 -1,000000 -101,000000 0,000000 0,000000
127 1662720988 5,000000 -1,000000 -101,000000 0,000000 0,000000
127 1662720989 4,200000 -1,000000 -101,000000 0,000000 0,000000
127 1662720990 4,200000 -1,000000 -101,000000 0,000000 0,000000
127 1662720991 4,200000 -1,000000 -101,000000 0,000000 0,000000
127 1662720992 4,200000 -1,000000 -101,000000 0,000000 0,000000
127 1662720993 4,200000 -1,000000 -101,000000 0,000000 0,000000
127 1662720994 2,000000 -1,000000 -101,000000 0,000000 0,000000
127 1662720995 2,000000 -1,000000 -101,000000 0,000000 0,000000
127 1662720996 2,000000 -1,000000 -101,000000 0,000000 0,000000
127 1662720997 2,000000 -1,000000 -101,000000 0,000000 0,000000
127 1662720998 2,000000 -1,000000 -101,000000 0,000000 0,000000
127 1662720999 1,800000 -1,000000 -101,000000 0,000000 0,000000
127 1662721000 1,800000 -1,000000 -101,000000 0,000000 0,000000
127 1662721001 1,800000 -1,000000 -101,000000 0,000000 0,000000
127 1662721002 1,800000 -1,000000 -101,000000 0,000000 0,000000
127 1662721003 1,800000 -1,000000 -101,000000 0,000000 0,000000
127 1662721004 4,200000 -1,000000 -101,000000 0,000000 0,000000
127 1662721005 4,200000 -1,000000 -101,000000 0,000000 0,000000
127 1662721006 4,200000 -1,000000 -101,000000 0,000000 0,000000
127 1662721007 4,200000 -1,000000 -101,000000 0,000000 0,000000
127 1662721008 4,200000 -1,000000 -101,000000 0,000000 0,000000
127 1662721009 4,600000 -1,000000 -101,000000 0,000000 0,000000
127 1662721010 4,600000 -1,000000 -101,000000 0,000000 0,000000
127 1662721011 4,600000 -1,000000 -101,000000 0,000000 0,000000
127 1662721012 4,600000 -1,000000 -101,000000 0,000000 0,000000
127 1662721013 4,600000 -1,000000 -101,000000 0,000000 0,000000
127 1662721014 4,200000 -1,000000 -101,000000 0,000000 0,000000
127 1662721015 4,200000 -1,000000 -101,000000 0,000000 0,000000
127 1662721016 4,200000 -1,000000 -101,000000 0,000000 0,000000
127 1662721017 4,200000 -1,000000 -101,000000 0,000000 0,000000
127 1662721018 4,200000 -1,000000 -101,000000 0,000000 0,000000
127 1662721019 5,000000 -1,000000 -101,000000 0,000000 0,000000
127 1662721020 5,000000 -1,000000 -101,000000 0,000000 0,000000
127 1662721021 5,000000 -1,000000 -101,000000 0,000000 0,000000
127 1662721022 5,000000 -1,000000 -101,000000 0,000000 0,000000
127 1662721023 5,000000 -1,000000 -101,000000 0,000000 0,000000
127 1662721024 4,400000 -1,000000 -101,000000 0,000000 0,000000
127 1662721025 4,400000 -1,000000 -101,000000 0,000000 0,000000
127 1662721026 4,400000 -1,000000 -101,000000 0,000000 0,000000
127 1662721027 4,400000 -1,000000 -101,000000 0,000000 0,000000
127 1662721028 4,400000 -1,000000 -101,000000 0,000000 0,000000
127 1662721029 3,600000 -1,000000 -101,000000 0,000000 0,000000
127 1662721030 3,600000 -1,000000 -101,000000 0,000000 0,000000
127 1662721031 3,600000 -1,000000 -101,000000 0,000000 0,000000
127 1662721032 3,600000 -1,000000 -101,000000 0,000000 0,000000
127 1662721033 3,600000 -1,000000 -101,000000 0,000000 0,000000
127 1662721034 3,800000 -1,000000 -101,000000 0,000000 0,000000
127 1662721035 3,800000 -1,000000 -101,000000 0,000000 0,000000
127 1662721036 3,800000 -1,000000 -101,000000 0,000000 0,000000
127 1662721037 3,800000 -1,000000 -101,000000 0,000000 0,000000
127 1662721038 3,800000 -1,000000 -101,000000 0,000000 0,000000
127 1662721039 6,400000 -1,000000 -101,000000 0,000000 0,000000
127 1662721040 6,400000 -1,000000 -101,000000 0,000000 0,000000
127 1662721041 6,400000 -1,000000 -101,000000 0,000000 0,000000
127 1662721042 6,400000 -1,000000 -101,000000 0,000000 0,000000
127 1662721043 6,400000 -1,000000 -101,000000 0,000000 0,000000
127 1662721044 5,200000 -1,000000 -101,000000 0,000000 0,000000
127 1662721045 5,200000 -1,000000 -101,000000 0,000000 0,000000
127 1662721046 5,200000 -1,000000 -101,000000 0,000000 0,000000
127 1662721047 5,200000 -1,000000 -101,000000 0,000000 0,000000
127 1662721048 5,200000 -1,000000 -101,000000 0,000000 0,000000
127 1662721049 4,600000 -1,000000 -101,000000 0,000000 0,000000
127 1662721050 4,600000 -1,000000 -101,000000 0,000000 0,000000
127 1662721051 4,600000 -1,000000 -101,000000 0,000000 0,000000
127 1662721052 4,600000 -1,000000 -101,000000 0,000000 0,000000
127 1662721053 4,600000 -1,000000 -101,000000 0,000000 0,000000
127 1662721054 3,400000 -1,000000 -101,000000 0,000000 0,000000
127 1662721055 3,400000 -1,000000 -101,000000 0,000000 0,000000
127 1662721056 3,400000 -1,000000 -101,000000 0,000000 0,000000
127 1662721057 3,400000 -1,000000 -101,000000 0,000000 0,000000
127 1662721058 3,400000 -1,000000 -101,000000 0,000000 0,000000
127 1662721059 0,200000 -1,000000 -101,000000 0,000000 0,000000
127 1662721060 0,200000 -1,000000 -101,000000 0,000000 0,000000
127 1662721061 0,200000 -1,000000 -101,000000 0,000000 0,000000
127 1662721062 0,200000 -1,000000 -101,000000 0,000000 0,000000
127 1662721063 0,200000 -1,000000 -101,000000 0,000000 0,000000
127 1662721064 0,400000 -1,000000 -101,000000 0,000000 0,000000
127 1662721065 0,400000 -1,000000 -101,000000 0,000000 0,000000
127 1662721066 0,400000 -1,000000 -101,000000 0,000000 0,000000
127 1662721067 0,400000 -1,000000 -101,000000 0,000000 0,000000
127 1662721068 0,400000 -1,000000 -101,000000 0,000000 0,000000
127 1662721069 3,200000 -1,000000 -101,000000 0,000000 0,000000
127 1662721070 3,200000 -1,000000 -101,000000 0,000000 0,000000
127 1662721071 3,200000 -1,000000 -101,000000 0,000000 0,000000
127 1662721072 3,200000 -1,000000 -101,000000 0,000000 0,000000
127 1662721073 3,200000 -1,000000 -101,000000 0,000000 0,000000
127 1662721074 6,200000 -1,000000 -101,000000 0,000000 0,000000
127 1662721075 6,200000 -1,000000 -101,000000 0,000000 0,000000
127 1662721076 6,200000 -1,000000 -101,000000 0,000000 0,000000
127 1662721077 6,200000 -1,000000 -101,000000 0,000000 0,000000
127 1662721078 6,200000 -1,000000 -101,000000 0,000000 0,000000
127 1662721079 6,200000 -1,000000 -101,000000 0,000000 0,000000
127 1662721080 6,200000 -1,000000 -101,000000 0,000000 0,000000
127 1662721081 6,200000 -1,000000 -101,000000 0,000000 0,000000
127 1662721082 6,200000 -1,000000 -101,000000 0,000000 0,000000
127 1662721083 6,200000 -1,000000 -101,000000 0,000000 0,000000
127 1662721084 6,200000 -1,000000 -101,000000 0,000000 0,000000
127 1662721085 6,200000 -1,000000 -101,000000 0,000000 0,000000
127 1662721086 6,200000 -1,000000 -101,000000 0,000000 0,000000
127 1662721087 6,200000 -1,000000 -101,000000 0,000000 0,000000
127 1662721088 6,200000 -1,000000 -101,000000 0,000000 0,000000
127 1662721089 3,600000 -1,000000 -101,000000 0,000000 0,000000
127 1662721090 3,600000 -1,000000 -101,000000 0,000000 0,000000
127 1662721091 3,600000 -1,000000 -101,000000 0,000000 0,000000
127 1662721092 3,600000 -1,000000 -101,000000 0,000000 0,000000
127 1662721093 3,600000 -1,000000 -101,000000 0,000000 0,000000
127 1662721094 2,000000 -1,000000 -101,000000 0,000000 0,000000
127 1662721095 2,000000 -1,000000 -101,000000 0,000000 0,000000
127 1662721096 2,000000 -1,000000 -101,000000 0,000000 0,000000
127 1662721097 2,000000 -1,000000 -101,000000 0,000000 0,000000
127 1662721098 2,000000 -1,000000 -101,000000 0,000000 0,000000
127 1662721099 3,000000 -1,000000 -101,000000 0,000000 0,000000
127 1662721100 3,000000 -1,000000 -101,000000 0,000000 0,000000
127 1662721101 3,000000 -1,000000 -101,000000 0,000000 0,000000
127 1662721102 3,000000 -1,000000 -101,000000 0,000000 0,000000
127 1662721103 3,000000 -1,000000 -101,000000 0,000000 0,000000
127 1662721104 2,800000 -1,000000 -101,000000 0,000000 0,000000
127 1662721105 2,800000 -1,000000 -101,000000 0,000000 0,000000
127 1662721106 2,800000 -1,000000 -101,000000 0,000000 0,000000
127 1662721107 2,800000 -1,000000 -101,000000 0,000000 0,000000
127 1662721108 2,800000 -1,000000 -101,000000 0,000000 0,000000
127 1662721109 4,600000 -1,000000 -101,000000 0,000000 0,000000
127 1662721110 4,600000 -1,000000 -101,000000 0,000000 0,000000
127 1662721111 4,600000 -1,000000 -101,000000 0,000000 0,000000
127 1662721112 4,600000 -1,000000 -101,000000 0,000000 0,000000
127 1662721113 4,600000 -1,000000 -101,000000 0,000000 0,000000
127 1662721114 1,200000 -1,000000 -101,000000 0,000000 0,000000
127 1662721115 1,200000 -1,000000 -101,000000 0,000000 0,000000
127 1662721116 1,200000 -1,000000 -101,000000 0,000000 0,000000
127 1662721117 1,200000 -1,000000 -101,000000 0,000000 0,000000
127 1662721118 1,200000 -1,000000 -101,000000 0,000000 0,000000
127 1662721119 0,800000 -1,000000 -101,000000 0,000000 0,000000
127 1662721120 0,800000 -1,000000 -101,000000 0,000000 0,000000
127 1662721121 0,800000 -1,000000 -101,000000 0,000000 0,000000
127 1662721122 0,800000 -1,000000 -101,000000 0,000000 0,000000
127 1662721123 0,800000 -1,000000 -101,000000 0,000000 0,000000
127 1662721124 2,000000 -1,000000 -101,000000 0,000000 0,000000
127 1662721125 2,000000 -1,000000 -101,000000 0,000000 0,000000
127 1662721126 2,000000 -1,000000 -101,000000 0,000000 0,000000
127 1662721127 2,000000 -1,000000 -101,000000 0,000000 0,000000
127 1662721128 2,000000 -1,000000 -101,000000 0,000000 0,000000
127 1662721129 4,800000 -1,000000 -101,000000 0,000000 0,000000
127 1662721130 4,800000 -1,000000 -101,000000 0,000000 0,000000
127 1662721131 4,800000 -1,000000 -101,000000 0,000000 0,000000
127 1662721132 4,800000 -1,000000 -101,000000 0,000000 0,000000
127 1662721133 4,800000 -1,000000 -101,000000 0,000000 0,000000
127 1662721134 4,600000 -1,000000 -101,000000 0,000000 0,000000
127 1662721135 4,600000 -1,000000 -101,000000 0,000000 0,000000
127 1662721136 4,600000 -1,000000 -101,000000 0,000000 0,000000
127 1662721137 4,600000 -1,000000 -101,000000 0,000000 0,000000
127 1662721138 4,600000 -1,000000 -101,000000 0,000000 0,000000
127 1662721139 1,200000 -1,000000 -101,000000 0,000000 0,000000
127 1662721140 1,200000 -1,000000 -101,000000 0,000000 0,000000
127 1662721141 1,200000 -1,000000 -101,000000 0,000000 0,000000
127 1662721142 1,200000 -1,000000 -101,000000 0,000000 0,000000
127 1662721143 1,200000 -1,000000 -101,000000 0,000000 0,000000
127 1662721144 3,400000 -1,000000 -101,000000 0,000000 0,000000
127 1662721145 3,400000 -1,000000 -101,000000 0,000000 0,000000
127 1662721146 3,400000 -1,000000 -101,000000 0,000000 0,000000
127 1662721147 3,400000 -1,000000 -101,000000 0,000000 0,000000
127 1662721148 3,400000 -1,000000 -101,000000 0,000000 0,000000
127 1662721149 4,600000 -1,000000 -101,000000 0,000000 0,000000
127 1662721150 4,600000 -1,000000 -101,000000 0,000000 0,000000
127 1662721151 4,600000 -1,000000 -101,000000 0,000000 0,000000
127 1662721152 4,600000 -1,000000 -101,000000 0,000000 0,000000
127 1662721153 4,600000 -1,000000 -101,000000 0,000000 0,000000
127 1662721154 3,800000 -1,000000 -101,000000 0,000000 0,000000
127 1662721155 3,800000 -1,000000 -101,000000 0,000000 0,000000
127 1662721156 3,800000 -1,000000 -101,000000 0,000000 0,000000
127 1662721157 3,800000 -1,000000 -101,000000 0,000000 0,000000
127 1662721158 3,800000 -1,000000 -101,000000 0,000000 0,000000
127 1662721159 6,200000 -1,000000 -101,000000 0,000000 0,000000
127 1662721160 6,200000 -1,000000 -101,000000 0,000000 0,000000
127 1662721161 6,200000 -1,000000 -101,000000 0,000000 0,000000
127 1662721162 6,200000 -1,000000 -101,000000 0,000000 0,000000
127 1662721163 6,200000 -1,000000 -101,000000 0,000000 0,000000
127 1662721164 7,200000 -1,000000 -101,000000 0,000000 0,000000
127 1662721165 7,200000 -1,000000 -101,000000 0,000000 0,000000
127 1662721166 7,200000 -1,000000 -101,000000 0,000000 0,000000
127 1662721167 7,200000 -1,000000 -101,000000 0,000000 0,000000
127 1662721168 7,200000 -1,000000 -101,000000 0,000000 0,000000
127 1662721169 3,000000 -1,000000 -101,000000 0,000000 0,000000
127 1662721170 3,000000 -1,000000 -101,000000 0,000000 0,000000
127 1662721171 3,000000 -1,000000 -101,000000 0,000000 0,000000
127 1662721172 3,000000 -1,000000 -101,000000 0,000000 0,000000
127 1662721173 3,000000 -1,000000 -101,000000 0,000000 0,000000
127 1662721174 5,200000 -1,000000 -101,000000 0,000000 0,000000
127 1662721175 5,200000 -1,000000 -101,000000 0,000000 0,000000
127 1662721176 5,200000 -1,000000 -101,000000 0,000000 0,000000
127 1662721177 5,200000 -1,000000 -101,000000 0,000000 0,000000
127 1662721178 5,200000 -1,000000 -101,000000 0,000000 0,000000
127 1662721179 1,600000 -1,000000 -101,000000 0,000000 0,000000
127 1662721180 1,600000 -1,000000 -101,000000 0,000000 0,000000
127 1662721181 1,600000 -1,000000 -101,000000 0,000000 0,000000
127 1662721182 1,600000 -1,000000 -101,000000 0,000000 0,000000
127 1662721183 1,600000 -1,000000 -101,000000 0,000000 0,000000
127 1662721184 3,400000 -1,000000 -101,000000 0,000000 0,000000
127 1662721185 3,400000 -1,000000 -101,000000 0,000000 0,000000
127 1662721186 3,400000 -1,000000 -101,000000 0,000000 0,000000
127 1662721187 3,400000 -1,000000 -101,000000 0,000000 0,000000
127 1662721188 3,400000 -1,000000 -101,000000 0,000000 0,000000
127 1662721189 1,000000 -1,000000 -101,000000 0,000000 0,000000
127 1662721190 1,000000 -1,000000 -101,000000 0,000000 0,000000
127 1662721191 1,000000 -1,000000 -101,000000 0,000000 0,000000
127 1662721192 1,000000 -1,000000 -101,000000 0,000000 0,000000
127 1662721193 1,000000 -1,000000 -101,000000 0,000000 0,000000
127 1662721194 3,400000 -1,000000 -101,000000 0,000000 0,000000
127 1662721195 3,400000 -1,000000 -101,000000 0,000000 0,000000
127 1662721196 3,400000 -1,000000 -101,000000 0,000000 0,000000
127 1662721197 3,400000 -1,000000 -101,000000 0,000000 0,000000
127 1662721198 3,400000 -1,000000 -101,000000 0,000000 0,000000
127 1662721199 2,800000 -1,000000 -101,000000 0,000000 0,000000
127 1662721200 2,800000 -1,000000 -101,000000 0,000000 0,000000
127 1662721201 2,800000 -1,000000 -101,000000 0,000000 0,000000
127 1662721202 2,800000 -1,000000 -101,000000 0,000000 0,000000
127 1662721203 2,800000 -1,000000 -101,000000 0,000000 0,000000
127 1662721204 2,800000 -1,000000 -101,000000 0,000000 0,000000
127 1662721205 2,800000 -1,000000 -101,000000 0,000000 0,000000
127 1662721206 2,800000 -1,000000 -101,000000 0,000000 0,000000
127 1662721207 2,800000 -1,000000 -101,000000 0,000000 0,000000
127 1662721208 2,800000 -1,000000 -101,000000 0,000000 0,000000
127 1662721209 1,600000 -1,000000 -101,000000 0,000000 0,000000
127 1662721210 1,600000 -1,000000 -101,000000 0,000000 0,000000
127 1662721211 1,600000 -1,000000 -101,000000 0,000000 0,000000
127 1662721212 1,600000 -1,000000 -101,000000 0,000000 0,000000
127 1662721213 1,600000 -1,000000 -101,000000 0,000000 0,000000
127 1662721214 3,000000 -1,000000 -101,000000 0,000000 0,000000
127 1662721215 3,000000 -1,000000 -101,000000 0,000000 0,000000
127 1662721216 3,000000 -1,000000 -101,000000 0,000000 0,000000
127 1662721217 3,000000 -1,000000 -101,000000 0,000000 0,000000
127 1662721218 3,000000 -1,000000 -101,000000 0,000000 0,000000
127 1662721219 3,600000 -1,000000 -101,000000 0,000000 0,000000
127 1662721220 3,600000 -1,000000 -101,000000 0,000000 0,000000
127 1662721221 3,600000 -1,000000 -101,000000 0,000000 0,000000
127 1662721222 3,600000 -1,000000 -101,000000 0,000000 0,000000
127 1662721223 3,600000 -1,000000 -101,000000 0,000000 0,000000
127 1662721224 9,800000 -1,000000 -101,000000 0,000000 0,000000
127 1662721225 9,800000 -1,000000 -101,000000 0,000000 0,000000
127 1662721226 9,800000 -1,000000 -101,000000 0,000000 0,000000
127 1662721227 9,800000 -1,000000 -101,000000 0,000000 0,000000
127 1662721228 9,800000 -1,000000 -101,000000 0,000000 0,000000
127 1662721229 8,200000 -1,000000 -101,000000 0,000000 0,000000
127 1662721230 8,200000 -1,000000 -101,000000 0,000000 0,000000
127 1662721231 8,200000 -1,000000 -101,000000 0,000000 0,000000
127 1662721232 8,200000 -1,000000 -101,000000 0,000000 0,000000
127 1662721233 8,200000 -1,000000 -101,000000 0,000000 0,000000
127 1662721234 8,200000 -1,000000 -101,000000 0,000000 0,000000
127 1662721235 8,200000 -1,000000 -101,000000 0,000000 0,000000
127 1662721236 8,200000 -1,000000 -101,000000 0,000000 0,000000
127 1662721237 8,200000 -1,000000 -101,000000 0,000000 0,000000
127 1662721238 8,200000 -1,000000 -101,000000 0,000000 0,000000
127 1662721239 4,000000 -1,000000 -101,000000 0,000000 0,000000
127 1662721240 4,000000 -1,000000 -101,000000 0,000000 0,000000
127 1662721241 4,000000 -1,000000 -101,000000 0,000000 0,000000
127 1662721242 4,000000 -1,000000 -101,000000 0,000000 0,000000
127 1662721243 4,000000 -1,000000 -101,000000 0,000000 0,000000
127 1662721244 1,000000 -1,000000 -101,000000 0,000000 0,000000
127 1662721245 1,000000 -1,000000 -101,000000 0,000000 0,000000
127 1662721246 1,000000 -1,000000 -101,000000 0,000000 0,000000
127 1662721247 1,000000 -1,000000 -101,000000 0,000000 0,000000
127 1662721248 1,000000 -1,000000 -101,000000 0,000000 0,000000
127 1662721249 0,200000 -1,000000 -101,000000 0,000000 0,000000
127 1662721250 0,200000 -1,000000 -101,000000 0,000000 0,000000
127 1662721251 0,200000 -1,000000 -101,000000 0,000000 0,000000
127 1662721252 0,200000 -1,000000 -101,000000 0,000000 0,000000
127 1662721253 0,200000 -1,000000 -101,000000 0,000000 0,000000
127 1662721254 2,000000 -1,000000 -101,000000 0,000000 0,000000
127 1662721255 2,000000 -1,000000 -101,000000 0,000000 0,000000
127 1662721256 2,000000 -1,000000 -101,000000 0,000000 0,000000
127 1662721257 2,000000 -1,000000 -101,000000 0,000000 0,000000
127 1662721258 2,000000 -1,000000 -101,000000 0,000000 0,000000
127 1662721259 4,600000 -1,000000 -101,000000 0,000000 0,000000
127 1662721260 4,600000 -1,000000 -101,000000 0,000000 0,000000
127 1662721261 4,600000 -1,000000 -101,000000 0,000000 0,000000
127 1662721262 4,600000 -1,000000 -101,000000 0,000000 0,000000
127 1662721263 4,600000 -1,000000 -101,000000 0,000000 0,000000
127 1662721264 3,400000 -1,000000 -101,000000 0,000000 0,000000
127 1662721265 3,400000 -1,000000 -101,000000 0,000000 0,000000
127 1662721266 3,400000 -1,000000 -101,000000 0,000000 0,000000
127 1662721267 3,400000 -1,000000 -101,000000 0,000000 0,000000
127 1662721268 3,400000 -1,000000 -101,000000 0,000000 0,000000
127 1662721269 1,800000 -1,000000 -101,000000 0,000000 0,000000
127 1662721270 1,800000 -1,000000 -101,000000 0,000000 0,000000
127 1662721271 1,800000 -1,000000 -101,000000 0,000000 0,000000
127 1662721272 1,800000 -1,000000 -101,000000 0,000000 0,000000
127 1662721273 1,800000 -1,000000 -101,000000 0,000000 0,000000
127 1662721274 4,400000 -1,000000 -101,000000 0,000000 0,000000
127 1662721275 4,400000 -1,000000 -101,000000 0,000000 0,000000
127 1662721276 4,400000 -1,000000 -101,000000 0,000000 0,000000
127 1662721277 4,400000 -1,000000 -101,000000 0,000000 0,000000
127 1662721278 4,400000 -1,000000 -101,000000 0,000000 0,000000
127 1662721279 1,800000 -1,000000 -101,000000 0,000000 0,000000
127 1662721280 1,800000 -1,000000 -101,000000 0,000000 0,000000
127 1662721281 1,800000 -1,000000 -101,000000 0,000000 0,000000
127 1662721282 1,800000 -1,000000 -101,000000 0,000000 0,000000
127 1662721283 1,800000 -1,000000 -101,000000 0,000000 0,000000
127 1662721284 3,400000 -1,000000 -101,000000 0,000000 0,000000
127 1662721285 3,400000 -1,000000 -101,000000 0,000000 0,000000
127 1662721286 3,400000 -1,000000 -101,000000 0,000000 0,000000
127 1662721287 3,400000 -1,000000 -101,000000 0,000000 0,000000
127 1662721288 3,400000 -1,000000 -101,000000 0,000000 0,000000
127 1662721289 3,400000 -1,000000 -101,000000 0,000000 0,000000
127 1662721290 3,400000 -1,000000 -101,000000 0,000000 0,000000
127 1662721291 3,400000 -1,000000 -101,000000 0,000000 0,000000
127 1662721292 3,400000 -1,000000 -101,000000 0,000000 0,000000
127 1662721293 3,400000 -1,000000 -101,000000 0,000000 0,000000
127 1662721294 4,800000 -1,000000 -101,000000 0,000000 0,000000
127 1662721295 4,800000 -1,000000 -101,000000 0,000000 0,000000
127 1662721296 4,800000 -1,000000 -101,000000 0,000000 0,000000
127 1662721297 4,800000 -1,000000 -101,000000 0,000000 0,000000
127 1662721298 4,800000 -1,000000 -101,000000 0,000000 0,000000
127 1662721299 5,600000 -1,000000 -101,000000 0,000000 0,000000
127 1662721300 5,600000 -1,000000 -101,000000 0,000000 0,000000
127 1662721301 5,600000 -1,000000 -101,000000 0,000000 0,000000
127 1662721302 5,600000 -1,000000 -101,000000 0,000000 0,000000
127 1662721303 5,600000 -1,000000 -101,000000 0,000000 0,000000
127 1662721304 3,000000 -1,000000 -101,000000 0,000000 0,000000
127 1662721305 3,000000 -1,000000 -101,000000 0,000000 0,000000
127 1662721306 3,000000 -1,000000 -101,000000 0,000000 0,000000
127 1662721307 3,000000 -1,000000 -101,000000 0,000000 0,000000
127 1662721308 3,000000 -1,000000 -101,000000 0,000000 0,000000
127 1662721309 1,600000 -1,000000 -101,000000 0,000000 0,000000
127 1662721310 1,600000 -1,000000 -101,000000 0,000000 0,000000
127 1662721311 1,600000 -1,000000 -101,000000 0,000000 0,000000
127 1662721312 1,600000 -1,000000 -101,000000 0,000000 0,000000
127 1662721313 1,600000 -1,000000 -101,000000 0,000000 0,000000
127 1662721314 4,200000 -1,000000 -101,000000 0,000000 0,000000
127 1662721315 4,200000 -1,000000 -101,000000 0,000000 0,000000
127 1662721316 4,200000 -1,000000 -101,000000 0,000000 0,000000
127 1662721317 4,200000 -1,000000 -101,000000 0,000000 0,000000
127 1662721318 4,200000 -1,000000 -101,000000 0,000000 0,000000
127 1662721319 3,000000 -1,000000 -101,000000 0,000000 0,000000
127 1662721320 3,000000 -1,000000 -101,000000 0,000000 0,000000
127 1662721383 4,400000 -1,000000 4,400000 4,400000 0,000000
127 1662721382 4,400000 -1,000000 4,400000 4,400000 0,000000
127 1662721381 4,400000 -1,000000 4,400000 4,400000 0,000000
127 1662721380 4,400000 -1,000000 4,400000 4,400000 0,000000
127 1662721379 4,400000 -1,000000 4,400000 4,400000 0,000000
127 1662721378 4,800000 -1,000000 4,800000 4,800000 0,000000
127 1662721377 4,800000 -1,000000 4,800000 4,800000 0,000000
127 1662721376 4,800000 -1,000000 4,800000 4,800000 0,000000
127 1662721375 4,800000 -1,000000 4,800000 4,800000 0,000000
127 1662721374 4,800000 -1,000000 4,800000 4,800000 0,000000
127 1662721373 4,600000 -1,000000 4,600000 4,600000 0,000000
127 1662721372 4,600000 -1,000000 4,600000 4,600000 0,000000
127 1662721371 4,600000 -1,000000 4,600000 4,600000 0,000000
127 1662721370 4,600000 -1,000000 4,600000 4,600000 0,000000
127 1662721369 4,600000 -1,000000 4,600000 4,600000 0,000000
127 1662721368 1,600000 -1,000000 1,600000 1,600000 0,000000
127 1662721367 1,600000 -1,000000 1,600000 1,600000 0,000000
127 1662721366 1,600000 -1,000000 1,600000 1,600000 0,000000
127 1662721365 1,600000 -1,000000 1,600000 1,600000 0,000000
127 1662721364 1,600000 -1,000000 1,600000 1,600000 0,000000
127 1662721363 4,400000 -1,000000 4,400000 4,400000 0,000000
127 1662721362 4,400000 -1,000000 4,400000 4,400000 0,000000
127 1662721361 4,400000 -1,000000 4,400000 4,400000 0,000000
127 1662721360 4,400000 -1,000000 4,400000 4,400000 0,000000
127 1662721359 4,400000 -1,000000 4,400000 4,400000 0,000000
127 1662721358 1,800000 -1,000000 1,800000 1,800000 0,000000
127 1662721357 1,800000 -1,000000 1,800000 1,800000 0,000000
127 1662721356 1,800000 -1,000000 1,800000 1,800000 0,000000
127 1662721355 1,800000 -1,000000 1,800000 1,800000 0,000000
127 1662721354 1,800000 -1,000000 1,800000 1,800000 0,000000
127 1662721353 4,800000 -1,000000 4,800000 4,800000 0,000000
127 1662721352 4,800000 -1,000000 4,800000 4,800000 0,000000
127 1662721351 4,800000 -1,000000 4,800000 4,800000 0,000000
127 1662721350 4,800000 -1,000000 4,800000 4,800000 0,000000
127 1662721349 4,800000 -1,000000 4,800000 4,800000 0,000000
127 1662721348 0,800000 -1,000000 0,800000 0,800000 0,000000
127 1662721347 0,800000 -1,000000 0,800000 0,800000 0,000000
127 1662721346 0,800000 -1,000000 0,800000 0,800000 0,000000
127 1662721345 0,800000 -1,000000 0,800000 0,800000 0,000000
127 1662721344 0,800000 -1,000000 0,800000 0,800000 0,000000
127 1662721343 2,000000 -1,000000 2,000000 2,000000 0,000000
127 1662721342 2,000000 -1,000000 2,000000 2,000000 0,000000
127 1662721341 2,000000 -1,000000 2,000000 2,000000 0,000000
127 1662721340 2,000000 -1,000000 2,000000 2,000000 0,000000
127 1662721339 2,000000 -1,000000 2,000000 2,000000 0,000000
127 1662721338 6,600000 -1,000000 6,600000 6,600000 0,000000
127 1662721337 6,600000 -1,000000 6,600000 6,600000 0,000000
127 1662721336 6,600000 -1,000000 6,600000 6,600000 0,000000
127 1662721335 6,600000 -1,000000 6,600000 6,600000 0,000000
127 1662721334 6,600000 -1,000000 6,600000 6,600000 0,000000
127 1662721333 4,400000 -1,000000 4,400000 4,400000 0,000000
127 1662721332 4,400000 -1,000000 4,400000 4,400000 0,000000
127 1662721331 4,400000 -1,000000 4,400000 4,400000 0,000000
127 1662721330 4,400000 -1,000000 4,400000 4,400000 0,000000
127 1662721329 4,400000 -1,000000 4,400000 4,400000 0,000000
127 1662721328 4,400000 -1,000000 4,400000 4,400000 0,000000
127 1662721327 4,400000 -1,000000 4,400000 4,400000 0,000000
127 1662721326 4,400000 -1,000000 4,400000 4,400000 0,000000
127 1662721325 4,400000 -1,000000 4,400000 4,400000 0,000000
127 1662721324 4,400000 -1,000000 4,400000 4,400000 0,000000
127 1662721323 3,000000 -1,000000 3,000000 3,000000 0,000000
127 1662721322 3,000000 -1,000000 3,000000 3,000000 0,000000
127 1662721321 3,000000 -1,000000 3,000000 3,000000 0,000000
127 1662721321 3,000000 -1,000000 -101,000000 0,000000 0,000000
127 1662721322 3,000000 -1,000000 -101,000000 0,000000 0,000000
127 1662721323 3,000000 -1,000000 -101,000000 0,000000 0,000000
127 1662721324 4,400000 -1,000000 -101,000000 0,000000 0,000000
127 1662721325 4,400000 -1,000000 -101,000000 0,000000 0,000000
127 1662721326 4,400000 -1,000000 -101,000000 0,000000 0,000000
127 1662721327 4,400000 -1,000000 -101,000000 0,000000 0,000000
127 1662721328 4,400000 -1,000000 -101,000000 0,000000 0,000000
127 1662721329 4,400000 -1,000000 -101,000000 0,000000 0,000000
127 1662721330 4,400000 -1,000000 -101,000000 0,000000 0,000000
127 1662721331 4,400000 -1,000000 -101,000000 0,000000 0,000000
127 1662721332 4,400000 -1,000000 -101,000000 0,000000 0,000000
127 1662721333 4,400000 -1,000000 -101,000000 0,000000 0,000000
127 1662721334 6,600000 -1,000000 -101,000000 0,000000 0,000000
127 1662721335 6,600000 -1,000000 -101,000000 0,000000 0,000000
127 1662721336 6,600000 -1,000000 -101,000000 0,000000 0,000000
127 1662721337 6,600000 -1,000000 -101,000000 0,000000 0,000000
127 1662721338 6,600000 -1,000000 -101,000000 0,000000 0,000000
127 1662721339 2,000000 -1,000000 -101,000000 0,000000 0,000000
127 1662721340 2,000000 -1,000000 -101,000000 0,000000 0,000000
127 1662721341 2,000000 -1,000000 -101,000000 0,000000 0,000000
127 1662721342 2,000000 -1,000000 -101,000000 0,000000 0,000000
127 1662721343 2,000000 -1,000000 -101,000000 0,000000 0,000000
127 1662721344 0,800000 -1,000000 -101,000000 0,000000 0,000000
127 1662721345 0,800000 -1,000000 -101,000000 0,000000 0,000000
127 1662721346 0,800000 -1,000000 -101,000000 0,000000 0,000000
127 1662721347 0,800000 -1,000000 -101,000000 0,000000 0,000000
127 1662721348 0,800000 -1,000000 -101,000000 0,000000 0,000000
127 1662721349 4,800000 -1,000000 -101,000000 0,000000 0,000000
127 1662721350 4,800000 -1,000000 -101,000000 0,000000 0,000000
127 1662721351 4,800000 -1,000000 -101,000000 0,000000 0,000000
127 1662721352 4,800000 -1,000000 -101,000000 0,000000 0,000000
127 1662721353 4,800000 -1,000000 -101,000000 0,000000 0,000000
127 1662721354 1,800000 -1,000000 -101,000000 0,000000 0,000000
127 1662721355 1,800000 -1,000000 -101,000000 0,000000 0,000000
127 1662721356 1,800000 -1,000000 -101,000000 0,000000 0,000000
127 1662721357 1,800000 -1,000000 -101,000000 0,000000 0,000000
127 1662721358 1,800000 -1,000000 -101,000000 0,000000 0,000000
127 1662721359 4,400000 -1,000000 -101,000000 0,000000 0,000000
127 1662721360 4,400000 -1,000000 -101,000000 0,000000 0,000000
127 1662721361 4,400000 -1,000000 -101,000000 0,000000 0,000000
127 1662721362 4,400000 -1,000000 -101,000000 0,000000 0,000000
127 1662721363 4,400000 -1,000000 -101,000000 0,000000 0,000000
127 1662721364 1,600000 -1,000000 -101,000000 0,000000 0,000000
127 1662721365 1,600000 -1,000000 -101,000000 0,000000 0,000000
127 1662721366 1,600000 -1,000000 -101,000000 0,000000 0,000000
127 1662721367 1,600000 -1,000000 -101,000000 0,000000 0,000000
127 1662721368 1,600000 -1,000000 -101,000000 0,000000 0,000000
127 1662721369 4,600000 -1,000000 -101,000000 0,000000 0,000000
127 1662721370 4,600000 -1,000000 -101,000000 0,000000 0,000000
127 1662721371 4,600000 -1,000000 -101,000000 0,000000 0,000000
127 1662721372 4,600000 -1,000000 -101,000000 0,000000 0,000000
127 1662721373 4,600000 -1,000000 -101,000000 0,000000 0,000000
127 1662721374 4,800000 -1,000000 -101,000000 0,000000 0,000000
127 1662721375 4,800000 -1,000000 -101,000000 0,000000 0,000000
127 1662721376 4,800000 -1,000000 -101,000000 0,000000 0,000000
127 1662721377 4,800000 -1,000000 -101,000000 0,000000 0,000000
127 1662721378 4,800000 -1,000000 -101,000000 0,000000 0,000000
127 1662721379 6,000000 -1,000000 -101,000000 0,000000 0,000000
127 1662721380 6,000000 -1,000000 -101,000000 0,000000 0,000000
127 1662721381 6,000000 -1,000000 -101,000000 0,000000 0,000000
127 1662721382 6,000000 -1,000000 -101,000000 0,000000 0,000000
127 1662721383 6,000000 -1,000000 -101,000000 0,000000 0,000000
127 1662721384 6,800000 -1,000000 -101,000000 0,000000 0,000000
127 1662721385 6,800000 -1,000000 -101,000000 0,000000 0,000000
127 1662721386 6,800000 -1,000000 -101,000000 0,000000 0,000000
127 1662721387 6,800000 -1,000000 -101,000000 0,000000 0,000000
127 1662721388 6,800000 -1,000000 -101,000000 0,000000 0,000000
127 1662721389 4,200000 -1,000000 -101,000000 0,000000 0,000000
127 1662721390 4,200000 -1,000000 -101,000000 0,000000 0,000000
127 1662721391 4,200000 -1,000000 -101,000000 0,000000 0,000000
127 1662721392 4,200000 -1,000000 -101,000000 0,000000 0,000000
127 1662721393 4,200000 -1,000000 -101,000000 0,000000 0,000000
127 1662721394 3,400000 -1,000000 -101,000000 0,000000 0,000000
127 1662721395 3,400000 -1,000000 -101,000000 0,000000 0,000000
127 1662721396 3,400000 -1,000000 -101,000000 0,000000 0,000000
127 1662721397 3,400000 -1,000000 -101,000000 0,000000 0,000000
127 1662721398 3,400000 -1,000000 -101,000000 0,000000 0,000000
127 1662721399 1,400000 -1,000000 -101,000000 0,000000 0,000000
127 1662721400 1,400000 -1,000000 -101,000000 0,000000 0,000000
127 1662721401 1,400000 -1,000000 -101,000000 0,000000 0,000000
127 1662721402 1,400000 -1,000000 -101,000000 0,000000 0,000000
127 1662721403 1,400000 -1,000000 -101,000000 0,000000 0,000000
127 1662721404 0,600000 -1,000000 -101,000000 0,000000 0,000000
127 1662721405 0,600000 -1,000000 -101,000000 0,000000 0,000000
127 1662721406 0,600000 -1,000000 -101,000000 0,000000 0,000000
127 1662721407 0,600000 -1,000000 -101,000000 0,000000 0,000000
127 1662721408 0,600000 -1,000000 -101,000000 0,000000 0,000000
127 1662721409 3,400000 -1,000000 -101,000000 0,000000 0,000000
127 1662721410 3,400000 -1,000000 -101,000000 0,000000 0,000000
127 1662721411 3,400000 -1,000000 -101,000000 0,000000 0,000000
127 1662721412 3,400000 -1,000000 -101,000000 0,000000 0,000000
127 1662721413 3,400000 -1,000000 -101,000000 0,000000 0,000000
127 1662721414 4,200000 -1,000000 -101,000000 0,000000 0,000000
127 1662721415 4,200000 -1,000000 -101,000000 0,000000 0,000000
127 1662721416 4,200000 -1,000000 -101,000000 0,000000 0,000000
127 1662721417 4,200000 -1,000000 -101,000000 0,000000 0,000000
127 1662721418 4,200000 -1,000000 -101,000000 0,000000 0,000000
127 1662721419 4,600000 -1,000000 -101,000000 0,000000 0,000000
127 1662721420 4,600000 -1,000000 -101,000000 0,000000 0,000000
127 1662721421 4,600000 -1,000000 -101,000000 0,000000 0,000000
127 1662721422 4,600000 -1,000000 -101,000000 0,000000 0,000000
127 1662721423 4,600000 -1,000000 -101,000000 0,000000 0,000000
127 1662721424 5,400000 -1,000000 -101,000000 0,000000 0,000000
127 1662721425 5,400000 -1,000000 -101,000000 0,000000 0,000000
127 1662721426 5,400000 -1,000000 -101,000000 0,000000 0,000000
127 1662721427 5,400000 -1,000000 -101,000000 0,000000 0,000000
127 1662721428 5,400000 -1,000000 -101,000000 0,000000 0,000000
127 1662721429 3,400000 -1,000000 -101,000000 0,000000 0,000000
127 1662721430 3,400000 -1,000000 -101,000000 0,000000 0,000000
127 1662721431 3,400000 -1,000000 -101,000000 0,000000 0,000000
127 1662721432 3,400000 -1,000000 -101,000000 0,000000 0,000000
127 1662721433 3,400000 -1,000000 -101,000000 0,000000 0,000000
127 1662721434 3,200000 -1,000000 -101,000000 0,000000 0,000000
127 1662721435 3,200000 -1,000000 -101,000000 0,000000 0,000000
127 1662721436 3,200000 -1,000000 -101,000000 0,000000 0,000000
127 1662721437 3,200000 -1,000000 -101,000000 0,000000 0,000000
127 1662721438 3,200000 -1,000000 -101,000000 0,000000 0,000000
127 1662721439 4,800000 -1,000000 -101,000000 0,000000 0,000000
127 1662721440 4,800000 -1,000000 -101,000000 0,000000 0,000000
127 1662721441 4,800000 -1,000000 -101,000000 0,000000 0,000000
127 1662721442 4,800000 -1,000000 -101,000000 0,000000 0,000000
127 1662721443 4,800000 -1,000000 -101,000000 0,000000 0,000000
127 1662721444 6,800000 -1,000000 -101,000000 0,000000 0,000000
127 1662721445 6,800000 -1,000000 -101,000000 0,000000 0,000000
127 1662721446 6,800000 -1,000000 -101,000000 0,000000 0,000000
127 1662721447 6,800000 -1,000000 -101,000000 0,000000 0,000000
127 1662721448 6,800000 -1,000000 -101,000000 0,000000 0,000000
127 1662721449 1,800000 -1,000000 -101,000000 0,000000 0,000000
127 1662721450 1,800000 -1,000000 -101,000000 0,000000 0,000000
127 1662721451 1,800000 -1,000000 -101,000000 0,000000 0,000000
127 1662721452 1,800000 -1,000000 -101,000000 0,000000 0,000000
127 1662721453 1,800000 -1,000000 -101,000000 0,000000 0,000000
127 1662721454 3,200000 -1,000000 -101,000000 0,000000 0,000000
127 1662721455 3,200000 -1,000000 -101,000000 0,000000 0,000000
127 1662721456 3,200000 -1,000000 -101,000000 0,000000 0,000000
127 1662721457 3,200000 -1,000000 -101,000000 0,000000 0,000000
127 1662721458 3,200000 -1,000000 -101,000000 0,000000 0,000000
127 1662721459 3,800000 -1,000000 -101,000000 0,000000 0,000000
127 1662721460 3,800000 -1,000000 -101,000000 0,000000 0,000000
127 1662721461 3,800000 -1,000000 -101,000000 0,000000 0,000000
127 1662721462 3,800000 -1,000000 -101,000000 0,000000 0,000000
127 1662721463 3,800000 -1,000000 -101,000000 0,000000 0,000000
127 1662721464 1,600000 -1,000000 -101,000000 0,000000 0,000000
127 1662721465 1,600000 -1,000000 -101,000000 0,000000 0,000000
127 1662721466 1,600000 -1,000000 -101,000000 0,000000 0,000000
127 1662721467 1,600000 -1,000000 -101,000000 0,000000 0,000000
127 1662721468 1,600000 -1,000000 -101,000000 0,000000 0,000000
127 1662721469 1,800000 -1,000000 -101,000000 0,000000 0,000000
127 1662721470 1,800000 -1,000000 -101,000000 0,000000 0,000000
127 1662721471 1,800000 -1,000000 -101,000000 0,000000 0,000000
127 1662721472 1,800000 -1,000000 -101,000000 0,000000 0,000000
127 1662721473 1,800000 -1,000000 -101,000000 0,000000 0,000000
127 1662721474 3,400000 -1,000000 -101,000000 0,000000 0,000000
127 1662721475 3,400000 -1,000000 -101,000000 0,000000 0,000000
127 1662721476 3,400000 -1,000000 -101,000000 0,000000 0,000000
127 1662721477 3,400000 -1,000000 -101,000000 0,000000 0,000000
127 1662721478 3,400000 -1,000000 -101,000000 0,000000 0,000000
127 1662721479 4,800000 -1,000000 -101,000000 0,000000 0,000000
127 1662721480 4,800000 -1,000000 -101,000000 0,000000 0,000000
127 1662721481 4,800000 -1,000000 -101,000000 0,000000 0,000000
127 1662721482 4,800000 -1,000000 -101,000000 0,000000 0,000000
127 1662721483 4,800000 -1,000000 -101,000000 0,000000 0,000000
127 1662721484 4,400000 -1,000000 -101,000000 0,000000 0,000000
127 1662721485 4,400000 -1,000000 -101,000000 0,000000 0,000000
127 1662721486 4,400000 -1,000000 -101,000000 0,000000 0,000000
127 1662721487 4,400000 -1,000000 -101,000000 0,000000 0,000000
127 1662721488 4,400000 -1,000000 -101,000000 0,000000 0,000000
127 1662721489 0,800000 -1,000000 -101,000000 0,000000 0,000000
127 1662721490 0,800000 -1,000000 -101,000000 0,000000 0,000000
127 1662721491 0,800000 -1,000000 -101,000000 0,000000 0,000000
127 1662721492 0,800000 -1,000000 -101,000000 0,000000 0,000000
127 1662721493 0,800000 -1,000000 -101,000000 0,000000 0,000000
127 1662721494 2,000000 -1,000000 -101,000000 0,000000 0,000000
127 1662721495 2,000000 -1,000000 -101,000000 0,000000 0,000000
127 1662721496 2,000000 -1,000000 -101,000000 0,000000 0,000000
127 1662721497 2,000000 -1,000000 -101,000000 0,000000 0,000000
127 1662721498 2,000000 -1,000000 -101,000000 0,000000 0,000000
127 1662721499 4,800000 -1,000000 -101,000000 0,000000 0,000000
127 1662721500 4,800000 -1,000000 -101,000000 0,000000 0,000000
127 1662721501 4,800000 -1,000000 -101,000000 0,000000 0,000000
127 1662721502 4,800000 -1,000000 -101,000000 0,000000 0,000000
127 1662721503 4,800000 -1,000000 -101,000000 0,000000 0,000000
127 1662721504 6,400000 -1,000000 -101,000000 0,000000 0,000000
127 1662721505 6,400000 -1,000000 -101,000000 0,000000 0,000000
127 1662721506 6,400000 -1,000000 -101,000000 0,000000 0,000000
127 1662721507 6,400000 -1,000000 -101,000000 0,000000 0,000000
127 1662721508 6,400000 -1,000000 -101,000000 0,000000 0,000000
127 1662721509 2,600000 -1,000000 -101,000000 0,000000 0,000000
127 1662721510 2,600000 -1,000000 -101,000000 0,000000 0,000000
127 1662721511 2,600000 -1,000000 -101,000000 0,000000 0,000000
127 1662721512 2,600000 -1,000000 -101,000000 0,000000 0,000000
127 1662721513 2,600000 -1,000000 -101,000000 0,000000 0,000000
127 1662721514 4,400000 -1,000000 -101,000000 0,000000 0,000000
127 1662721515 4,400000 -1,000000 -101,000000 0,000000 0,000000
127 1662721516 4,400000 -1,000000 -101,000000 0,000000 0,000000
127 1662721517 4,400000 -1,000000 -101,000000 0,000000 0,000000
127 1662721518 4,400000 -1,000000 -101,000000 0,000000 0,000000
127 1662721519 5,400000 -1,000000 -101,000000 0,000000 0,000000
127 1662721520 5,400000 -1,000000 -101,000000 0,000000 0,000000
127 1662721521 5,400000 -1,000000 -101,000000 0,000000 0,000000
127 1662721522 5,400000 -1,000000 -101,000000 0,000000 0,000000
127 1662721523 5,400000 -1,000000 -101,000000 0,000000 0,000000
127 1662721524 4,800000 -1,000000 -101,000000 0,000000 0,000000
127 1662721525 4,800000 -1,000000 -101,000000 0,000000 0,000000
127 1662721526 4,800000 -1,000000 -101,000000 0,000000 0,000000
127 1662721527 4,800000 -1,000000 -101,000000 0,000000 0,000000
127 1662721528 4,800000 -1,000000 -101,000000 0,000000 0,000000
127 1662721529 3,000000 -1,000000 -101,000000 0,000000 0,000000
127 1662721530 3,000000 -1,000000 -101,000000 0,000000 0,000000
127 1662721531 3,000000 -1,000000 -101,000000 0,000000 0,000000
127 1662721532 3,000000 -1,000000 -101,000000 0,000000 0,000000
127 1662721533 3,000000 -1,000000 -101,000000 0,000000 0,000000
127 1662721534 4,800000 -1,000000 -101,000000 0,000000 0,000000
127 1662721535 4,800000 -1,000000 -101,000000 0,000000 0,000000
127 1662721536 4,800000 -1,000000 -101,000000 0,000000 0,000000
127 1662721537 4,800000 -1,000000 -101,000000 0,000000 0,000000
127 1662721538 4,800000 -1,000000 -101,000000 0,000000 0,000000
127 1662721539 2,000000 -1,000000 -101,000000 0,000000 0,000000
127 1662721540 2,000000 -1,000000 -101,000000 0,000000 0,000000
127 1662721541 2,000000 -1,000000 -101,000000 0,000000 0,000000
127 1662721542 2,000000 -1,000000 -101,000000 0,000000 0,000000
127 1662721543 2,000000 -1,000000 -101,000000 0,000000 0,000000
127 1662721544 3,000000 -1,000000 -101,000000 0,000000 0,000000
127 1662721545 3,000000 -1,000000 -101,000000 0,000000 0,000000
127 1662721546 3,000000 -1,000000 -101,000000 0,000000 0,000000
127 1662721547 3,000000 -1,000000 -101,000000 0,000000 0,000000
127 1662721548 3,000000 -1,000000 -101,000000 0,000000 0,000000
127 1662721549 1,200000 -1,000000 -101,000000 0,000000 0,000000
127 1662721550 1,200000 -1,000000 -101,000000 0,000000 0,000000
127 1662721551 1,200000 -1,000000 -101,000000 0,000000 0,000000
127 1662721552 1,200000 -1,000000 -101,000000 0,000000 0,000000
127 1662721553 1,200000 -1,000000 -101,000000 0,000000 0,000000
127 1662721554 3,400000 -1,000000 -101,000000 0,000000 0,000000
127 1662721555 3,400000 -1,000000 -101,000000 0,000000 0,000000
127 1662721556 3,400000 -1,000000 -101,000000 0,000000 0,000000
127 1662721557 3,400000 -1,000000 -101,000000 0,000000 0,000000
127 1662721558 3,400000 -1,000000 -101,000000 0,000000 0,000000
127 1662721559 2,200000 -1,000000 -101,000000 0,000000 0,000000
127 1662721560 2,200000 -1,000000 -101,000000 0,000000 0,000000
127 1662721561 2,200000 -1,000000 -101,000000 0,000000 0,000000
127 1662721562 2,200000 -1,000000 -101,000000 0,000000 0,000000
127 1662721563 2,200000 -1,000000 -101,000000 0,000000 0,000000
127 1662721564 4,000000 -1,000000 -101,000000 0,000000 0,000000
127 1662721565 4,000000 -1,000000 -101,000000 0,000000 0,000000
127 1662721566 4,000000 -1,000000 -101,000000 0,000000 0,000000
127 1662721567 4,000000 -1,000000 -101,000000 0,000000 0,000000
127 1662721568 4,000000 -1,000000 -101,000000 0,000000 0,000000
127 1662721569 4,400000 -1,000000 -101,000000 0,000000 0,000000
127 1662721570 4,400000 -1,000000 -101,000000 0,000000 0,000000
127 1662721571 4,400000 -1,000000 -101,000000 0,000000 0,000000
127 1662721572 4,400000 -1,000000 -101,000000 0,000000 0,000000
127 1662721573 4,400000 -1,000000 -101,000000 0,000000 0,000000
127 1662721574 6,000000 -1,000000 -101,000000 0,000000 0,000000
127 1662721575 6,000000 -1,000000 -101,000000 0,000000 0,000000
127 1662721576 6,000000 -1,000000 -101,000000 0,000000 0,000000
127 1662721577 6,000000 -1,000000 -101,000000 0,000000 0,000000
127 1662721578 6,000000 -1,000000 -101,000000 0,000000 0,000000
127 1662721579 4,400000 -1,000000 -101,000000 0,000000 0,000000
127 1662721580 4,400000 -1,000000 -101,000000 0,000000 0,000000
127 1662721581 4,400000 -1,000000 -101,000000 0,000000 0,000000
127 1662721582 4,400000 -1,000000 -101,000000 0,000000 0,000000
127 1662721583 4,400000 -1,000000 -101,000000 0,000000 0,000000
127 1662721584 5,800000 -1,000000 -101,000000 0,000000 0,000000
127 1662721585 5,800000 -1,000000 -101,000000 0,000000 0,000000
127 1662721586 5,800000 -1,000000 -101,000000 0,000000 0,000000
127 1662721587 5,800000 -1,000000 -101,000000 0,000000 0,000000
127 1662721588 5,800000 -1,000000 -101,000000 0,000000 0,000000
127 1662721589 2,600000 -1,000000 -101,000000 0,000000 0,000000
127 1662721590 2,600000 -1,000000 -101,000000 0,000000 0,000000
127 1662721591 2,600000 -1,000000 -101,000000 0,000000 0,000000
127 1662721592 2,600000 -1,000000 -101,000000 0,000000 0,000000
127 1662721593 2,600000 -1,000000 -101,000000 0,000000 0,000000
127 1662721594 4,600000 -1,000000 -101,000000 0,000000 0,000000
127 1662721595 4,600000 -1,000000 -101,000000 0,000000 0,000000
127 1662721596 4,600000 -1,000000 -101,000000 0,000000 0,000000
127 1662721597 4,600000 -1,000000 -101,000000 0,000000 0,000000
127 1662721598 4,600000 -1,000000 -101,000000 0,000000 0,000000
127 1662721599 3,200000 -1,000000 -101,000000 0,000000 0,000000
127 1662721600 3,200000 -1,000000 -101,000000 0,000000 0,000000
127 1662721601 3,200000 -1,000000 -101,000000 0,000000 0,000000
127 1662721602 3,200000 -1,000000 -101,000000 0,000000 0,000000
127 1662721603 3,200000 -1,000000 -101,000000 0,000000 0,000000
127 1662721604 3,600000 -1,000000 -101,000000 0,000000 0,000000
127 1662721605 3,600000 -1,000000 -101,000000 0,000000 0,000000
127 1662721606 3,600000 -1,000000 -101,000000 0,000000 0,000000
127 1662721607 3,600000 -1,000000 -101,000000 0,000000 0,000000
127 1662721608 3,600000 -1,000000 -101,000000 0,000000 0,000000
127 1662721609 5,600000 -1,000000 -101,000000 0,000000 0,000000
127 1662721610 5,600000 -1,000000 -101,000000 0,000000 0,000000
127 1662721611 5,600000 -1,000000 -101,000000 0,000000 0,000000
127 1662721612 5,600000 -1,000000 -101,000000 0,000000 0,000000
127 1662721613 5,600000 -1,000000 -101,000000 0,000000 0,000000
127 1662721614 1,400000 -1,000000 -101,000000 0,000000 0,000000
127 1662721615 1,400000 -1,000000 -101,000000 0,000000 0,000000
127 1662721616 1,400000 -1,000000 -101,000000 0,000000 0,000000
127 1662721617 1,400000 -1,000000 -101,000000 0,000000 0,000000
127 1662721618 1,400000 -1,000000 -101,000000 0,000000 0,000000
127 1662721619 0,400000 -1,000000 -101,000000 0,000000 0,000000
127 1662721620 0,400000 -1,000000 -101,000000 0,000000 0,000000
127 1662721621 0,400000 -1,000000 -101,000000 0,000000 0,000000
127 1662721622 0,400000 -1,000000 -101,000000 0,000000 0,000000
127 1662721623 0,400000 -1,000000 -101,000000 0,000000 0,000000
127 1662721624 3,600000 -1,000000 -101,000000 0,000000 0,000000
127 1662721625 3,600000 -1,000000 -101,000000 0,000000 0,000000
127 1662721626 3,600000 -1,000000 -101,000000 0,000000 0,000000
127 1662721627 3,600000 -1,000000 -101,000000 0,000000 0,000000
127 1662721628 3,600000 -1,000000 -101,000000 0,000000 0,000000
127 1662721629 6,000000 -1,000000 -101,000000 0,000000 0,000000
127 1662721630 6,000000 -1,000000 -101,000000 0,000000 0,000000
127 1662721631 6,000000 -1,000000 -101,000000 0,000000 0,000000
127 1662721632 6,000000 -1,000000 -101,000000 0,000000 0,000000
127 1662721633 6,000000 -1,000000 -101,000000 0,000000 0,000000
127 1662721634 2,200000 -1,000000 -101,000000 0,000000 0,000000
127 1662721635 2,200000 -1,000000 -101,000000 0,000000 0,000000
127 1662721636 2,200000 -1,000000 -101,000000 0,000000 0,000000
127 1662721637 2,200000 -1,000000 -101,000000 0,000000 0,000000
127 1662721638 2,200000 -1,000000 -101,000000 0,000000 0,000000
127 1662721639 3,000000 -1,000000 -101,000000 0,000000 0,000000
127 1662721640 3,000000 -1,000000 -101,000000 0,000000 0,000000
127 1662721641 3,000000 -1,000000 -101,000000 0,000000 0,000000
127 1662721642 3,000000 -1,000000 -101,000000 0,000000 0,000000
127 1662721643 3,000000 -1,000000 -101,000000 0,000000 0,000000
127 1662721644 4,600000 -1,000000 -101,000000 0,000000 0,000000
127 1662721645 4,600000 -1,000000 -101,000000 0,000000 0,000000
127 1662721646 4,600000 -1,000000 -101,000000 0,000000 0,000000
127 1662721647 4,600000 -1,000000 -101,000000 0,000000 0,000000
127 1662721648 4,600000 -1,000000 -101,000000 0,000000 0,000000
127 1662721649 2,800000 -1,000000 -101,000000 0,000000 0,000000
127 1662721650 2,800000 -1,000000 -101,000000 0,000000 0,000000
127 1662721651 2,800000 -1,000000 -101,000000 0,000000 0,000000
127 1662721652 2,800000 -1,000000 -101,000000 0,000000 0,000000
127 1662721653 2,800000 -1,000000 -101,000000 0,000000 0,000000
127 1662721654 3,400000 -1,000000 -101,000000 0,000000 0,000000
127 1662721655 3,400000 -1,000000 -101,000000 0,000000 0,000000
127 1662721656 3,400000 -1,000000 -101,000000 0,000000 0,000000
127 1662721657 3,400000 -1,000000 -101,000000 0,000000 0,000000
127 1662721658 3,400000 -1,000000 -101,000000 0,000000 0,000000
127 1662721659 5,600000 -1,000000 -101,000000 0,000000 0,000000
127 1662721660 5,600000 -1,000000 -101,000000 0,000000 0,000000
127 1662721661 5,600000 -1,000000 -101,000000 0,000000 0,000000
127 1662721662 5,600000 -1,000000 -101,000000 0,000000 0,000000
127 1662721663 5,600000 -1,000000 -101,000000 0,000000 0,000000
127 1662721664 6,200000 -1,000000 -101,000000 0,000000 0,000000
127 1662721665 6,200000 -1,000000 -101,000000 0,000000 0,000000
127 1662721666 6,200000 -1,000000 -101,000000 0,000000 0,000000
127 1662721667 6,200000 -1,000000 -101,000000 0,000000 0,000000
127 1662721668 6,200000 -1,000000 -101,000000 0,000000 0,000000
127 1662721669 5,000000 -1,000000 -101,000000 0,000000 0,000000
127 1662721670 5,000000 -1,000000 -101,000000 0,000000 0,000000
127 1662721671 5,000000 -1,000000 -101,000000 0,000000 0,000000
127 1662721672 5,000000 -1,000000 -101,000000 0,000000 0,000000
127 1662721673 5,000000 -1,000000 -101,000000 0,000000 0,000000
127 1662721674 4,200000 -1,000000 -101,000000 0,000000 0,000000
127 1662721675 4,200000 -1,000000 -101,000000 0,000000 0,000000
127 1662721676 4,200000 -1,000000 -101,000000 0,000000 0,000000
127 1662721677 4,200000 -1,000000 -101,000000 0,000000 0,000000
127 1662721678 4,200000 -1,000000 -101,000000 0,000000 0,000000
127 1662721679 1,800000 -1,000000 -101,000000 0,000000 0,000000
127 1662721680 1,800000 -1,000000 -101,000000 0,000000 0,000000
127 1662721681 1,800000 -1,000000 -101,000000 0,000000 0,000000
127 1662721682 1,800000 -1,000000 -101,000000 0,000000 0,000000
127 1662721683 1,800000 -1,000000 -101,000000 0,000000 0,000000
127 1662721684 3,400000 -1,000000 -101,000000 0,000000 0,000000
127 1662721685 3,400000 -1,000000 -101,000000 0,000000 0,000000
127 1662721686 3,400000 -1,000000 -101,000000 0,000000 0,000000
127 1662721687 3,400000 -1,000000 -101,000000 0,000000 0,000000
127 1662721688 3,400000 -1,000000 -101,000000 0,000000 0,000000
127 1662721689 3,200000 -1,000000 -101,000000 0,000000 0,000000
127 1662721690 3,200000 -1,000000 -101,000000 0,000000 0,000000
127 1662721691 3,200000 -1,000000 -101,000000 0,000000 0,000000
127 1662721692 3,200000 -1,000000 -101,000000 0,000000 0,000000
127 1662721693 3,200000 -1,000000 -101,000000 0,000000 0,000000
127 1662721694 1,400000 -1,000000 -101,000000 0,000000 0,000000
127 1662721695 1,400000 -1,000000 -101,000000 0,000000 0,000000
127 1662721696 1,400000 -1,000000 -101,000000 0,000000 0,000000
127 1662721697 1,400000 -1,000000 -101,000000 0,000000 0,000000
127 1662721698 1,400000 -1,000000 -101,000000 0,000000 0,000000
127 1662721699 2,800000 -1,000000 -101,000000 0,000000 0,000000
127 1662721700 2,800000 -1,000000 -101,000000 0,000000 0,000000
127 1662721701 2,800000 -1,000000 -101,000000 0,000000 0,000000
127 1662721702 2,800000 -1,000000 -101,000000 0,000000 0,000000
127 1662721703 2,800000 -1,000000 -101,000000 0,000000 0,000000
127 1662721704 3,200000 -1,000000 -101,000000 0,000000 0,000000
127 1662721705 3,200000 -1,000000 -101,000000 0,000000 0,000000
127 1662721706 3,200000 -1,000000 -101,000000 0,000000 0,000000
127 1662721707 3,200000 -1,000000 -101,000000 0,000000 0,000000
127 1662721708 3,200000 -1,000000 -101,000000 0,000000 0,000000
127 1662721709 2,000000 -1,000000 -101,000000 0,000000 0,000000
127 1662721710 2,000000 -1,000000 -101,000000 0,000000 0,000000
127 1662721711 2,000000 -1,000000 -101,000000 0,000000 0,000000
127 1662721712 2,000000 -1,000000 -101,000000 0,000000 0,000000
127 1662721713 2,000000 -1,000000 -101,000000 0,000000 0,000000
127 1662721714 2,400000 -1,000000 -101,000000 0,000000 0,000000
127 1662721715 2,400000 -1,000000 -101,000000 0,000000 0,000000
127 1662721716 2,400000 -1,000000 -101,000000 0,000000 0,000000
127 1662721717 2,400000 -1,000000 -101,000000 0,000000 0,000000
127 1662721718 2,400000 -1,000000 -101,000000 0,000000 0,000000
127 1662721719 4,600000 -1,000000 -101,000000 0,000000 0,000000
127 1662721720 4,600000 -1,000000 -101,000000 0,000000 0,000000
127 1662721721 4,600000 -1,000000 -101,000000 0,000000 0,000000
127 1662721722 4,600000 -1,000000 -101,000000 0,000000 0,000000
127 1662721723 4,600000 -1,000000 -101,000000 0,000000 0,000000
127 1662721724 8,000000 -1,000000 -101,000000 0,000000 0,000000
127 1662721725 8,000000 -1,000000 -101,000000 0,000000 0,000000
127 1662721726 8,000000 -1,000000 -101,000000 0,000000 0,000000
127 1662721727 8,000000 -1,000000 -101,000000 0,000000 0,000000
127 1662721728 8,000000 -1,000000 -101,000000 0,000000 0,000000
127 1662721729 8,000000 -1,000000 -101,000000 0,000000 0,000000
127 1662721730 8,000000 -1,000000 -101,000000 0,000000 0,000000
127 1662721731 8,000000 -1,000000 -101,000000 0,000000 0,000000
127 1662721732 8,000000 -1,000000 -101,000000 0,000000 0,000000
127 1662721733 8,000000 -1,000000 -101,000000 0,000000 0,000000
127 1662721734 5,800000 -1,000000 -101,000000 0,000000 0,000000
127 1662721735 5,800000 -1,000000 -101,000000 0,000000 0,000000
127 1662721736 5,800000 -1,000000 -101,000000 0,000000 0,000000
127 1662721737 5,800000 -1,000000 -101,000000 0,000000 0,000000
127 1662721738 5,800000 -1,000000 -101,000000 0,000000 0,000000
127 1662721739 2,600000 -1,000000 -101,000000 0,000000 0,000000
127 1662721740 2,600000 -1,000000 -101,000000 0,000000 0,000000
127 1662721741 2,600000 -1,000000 -101,000000 0,000000 0,000000
127 1662721742 2,600000 -1,000000 -101,000000 0,000000 0,000000
127 1662721743 2,600000 -1,000000 -101,000000 0,000000 0,000000
127 1662721744 0,800000 -1,000000 -101,000000 0,000000 0,000000
127 1662721745 0,800000 -1,000000 -101,000000 0,000000 0,000000
127 1662721746 0,800000 -1,000000 -101,000000 0,000000 0,000000
127 1662721747 0,800000 -1,000000 -101,000000 0,000000 0,000000
127 1662721748 0,800000 -1,000000 -101,000000 0,000000 0,000000
127 1662721749 2,200000 -1,000000 -101,000000 0,000000 0,000000
127 1662721750 2,200000 -1,000000 -101,000000 0,000000 0,000000
127 1662721751 2,200000 -1,000000 -101,000000 0,000000 0,000000
127 1662721752 2,200000 -1,000000 -101,000000 0,000000 0,000000
127 1662721753 2,200000 -1,000000 -101,000000 0,000000 0,000000
127 1662721754 4,400000 -1,000000 -101,000000 0,000000 0,000000
127 1662721755 4,400000 -1,000000 -101,000000 0,000000 0,000000
127 1662721756 4,400000 -1,000000 -101,000000 0,000000 0,000000
127 1662721757 4,400000 -1,000000 -101,000000 0,000000 0,000000
127 1662721758 4,400000 -1,000000 -101,000000 0,000000 0,000000
127 1662721759 1,200000 -1,000000 -101,000000 0,000000 0,000000
127 1662721760 1,200000 -1,000000 -101,000000 0,000000 0,000000
127 1662721761 1,200000 -1,000000 -101,000000 0,000000 0,000000
127 1662721762 1,200000 -1,000000 -101,000000 0,000000 0,000000
127 1662721763 1,200000 -1,000000 -101,000000 0,000000 0,000000
127 1662721764 1,800000 -1,000000 -101,000000 0,000000 0,000000
127 1662721765 1,800000 -1,000000 -101,000000 0,000000 0,000000
127 1662721766 1,800000 -1,000000 -101,000000 0,000000 0,000000
127 1662721767 1,800000 -1,000000 -101,000000 0,000000 0,000000
127 1662721768 1,800000 -1,000000 -101,000000 0,000000 0,000000
127 1662721769 1,600000 -1,000000 -101,000000 0,000000 0,000000
127 1662721770 1,600000 -1,000000 -101,000000 0,000000 0,000000
127 1662721771 1,600000 -1,000000 -101,000000 0,000000 0,000000
127 1662721772 1,600000 -1,000000 -101,000000 0,000000 0,000000
127 1662721773 1,600000 -1,000000 -101,000000 0,000000 0,000000
127 1662721774 3,200000 -1,000000 -101,000000 0,000000 0,000000
127 1662721775 3,200000 -1,000000 -101,000000 0,000000 0,000000
127 1662721776 3,200000 -1,000000 -101,000000 0,000000 0,000000
127 1662721777 3,200000 -1,000000 -101,000000 0,000000 0,000000
127 1662721778 3,200000 -1,000000 -101,000000 0,000000 0,000000
127 1662721779 4,800000 -1,000000 -101,000000 0,000000 0,000000
127 1662721780 4,800000 -1,000000 -101,000000 0,000000 0,000000
127 1662721781 4,800000 -1,000000 -101,000000 0,000000 0,000000
127 1662721782 4,800000 -1,000000 -101,000000 0,000000 0,000000
127 1662721783 4,800000 -1,000000 -101,000000 0,000000 0,000000
127 1662721784 5,600000 -1,000000 -101,000000 0,000000 0,000000
127 1662721785 5,600000 -1,000000 -101,000000 0,000000 0,000000
127 1662721786 5,600000 -1,000000 -101,000000 0,000000 0,000000
127 1662721787 5,600000 -1,000000 -101,000000 0,000000 0,000000
127 1662721788 5,600000 -1,000000 -101,000000 0,000000 0,000000
127 1662721789 3,400000 -1,000000 -101,000000 0,000000 0,000000
127 1662721790 3,400000 -1,000000 -101,000000 0,000000 0,000000
127 1662721791 3,400000 -1,000000 -101,000000 0,000000 0,000000
127 1662721792 3,400000 -1,000000 -101,000000 0,000000 0,000000
127 1662721793 3,400000 -1,000000 -101,000000 0,000000 0,000000
127 1662721794 8,600000 -1,000000 -101,000000 0,000000 0,000000
127 1662721795 8,600000 -1,000000 -101,000000 0,000000 0,000000
127 1662721796 8,600000 -1,000000 -101,000000 0,000000 0,000000
127 1662721797 8,600000 -1,000000 -101,000000 0,000000 0,000000
127 1662721798 8,600000 -1,000000 -101,000000 0,000000 0,000000
127 1662721799 2,400000 -1,000000 -101,000000 0,000000 0,000000
127 1662721800 2,400000 -1,000000 -101,000000 0,000000 0,000000
127 1662721801 2,400000 -1,000000 -101,000000 0,000000 0,000000
127 1662721802 2,400000 -1,000000 -101,000000 0,000000 0,000000
127 1662721803 2,400000 -1,000000 -101,000000 0,000000 0,000000
127 1662721804 2,800000 -1,000000 -101,000000 0,000000 0,000000
127 1662721805 2,800000 -1,000000 -101,000000 0,000000 0,000000
127 1662721806 2,800000 -1,000000 -101,000000 0,000000 0,000000
127 1662721807 2,800000 -1,000000 -101,000000 0,000000 0,000000
127 1662721808 2,800000 -1,000000 -101,000000 0,000000 0,000000
127 1662721809 1,800000 -1,000000 -101,000000 0,000000 0,000000
127 1662721810 1,800000 -1,000000 -101,000000 0,000000 0,000000
127 1662721811 1,800000 -1,000000 -101,000000 0,000000 0,000000
127 1662721812 1,800000 -1,000000 -101,000000 0,000000 0,000000
127 1662721813 1,800000 -1,000000 -101,000000 0,000000 0,000000
127 1662721814 5,600000 -1,000000 -101,000000 0,000000 0,000000
127 1662721815 5,600000 -1,000000 -101,000000 0,000000 0,000000
127 1662721816 5,600000 -1,000000 -101,000000 0,000000 0,000000
127 1662721817 5,600000 -1,000000 -101,000000 0,000000 0,000000
127 1662721818 5,600000 -1,000000 -101,000000 0,000000 0,000000
127 1662721819 2,000000 -1,000000 -101,000000 0,000000 0,000000
127 1662721820 2,000000 -1,000000 -101,000000 0,000000 0,000000
127 1662721821 2,000000 -1,000000 -101,000000 0,000000 0,000000
127 1662721822 2,000000 -1,000000 -101,000000 0,000000 0,000000
127 1662721823 2,000000 -1,000000 -101,000000 0,000000 0,000000
127 1662721824 4,600000 -1,000000 -101,000000 0,000000 0,000000
127 1662721825 4,600000 -1,000000 -101,000000 0,000000 0,000000
127 1662721826 4,600000 -1,000000 -101,000000 0,000000 0,000000
127 1662721827 4,600000 -1,000000 -101,000000 0,000000 0,000000
127 1662721828 4,600000 -1,000000 -101,000000 0,000000 0,000000
127 1662721829 4,400000 -1,000000 -101,000000 0,000000 0,000000
127 1662721830 4,400000 -1,000000 -101,000000 0,000000 0,000000
127 1662721831 4,400000 -1,000000 -101,000000 0,000000 0,000000
127 1662721832 4,400000 -1,000000 -101,000000 0,000000 0,000000
127 1662721833 4,400000 -1,000000 -101,000000 0,000000 0,000000
127 1662721834 4,600000 -1,000000 -101,000000 0,000000 0,000000
127 1662721835 4,600000 -1,000000 -101,000000 0,000000 0,000000
127 1662721836 4,600000 -1,000000 -101,000000 0,000000 0,000000
127 1662721837 4,600000 -1,000000 -101,000000 0,000000 0,000000
127 1662721838 4,600000 -1,000000 -101,000000 0,000000 0,000000
127 1662721839 2,000000 -1,000000 -101,000000 0,000000 0,000000
127 1662721840 2,000000 -1,000000 -101,000000 0,000000 0,000000
127 1662721841 2,000000 -1,000000 -101,000000 0,000000 0,000000
127 1662721842 2,000000 -1,000000 -101,000000 0,000000 0,000000
127 1662721843 2,000000 -1,000000 -101,000000 0,000000 0,000000
127 1662721844 3,600000 -1,000000 -101,000000 0,000000 0,000000
127 1662721845 3,600000 -1,000000 -101,000000 0,000000 0,000000
127 1662721846 3,600000 -1,000000 -101,000000 0,000000 0,000000
127 1662721847 3,600000 -1,000000 -101,000000 0,000000 0,000000
127 1662721848 3,600000 -1,000000 -101,000000 0,000000 0,000000
127 1662721849 3,600000 -1,000000 -101,000000 0,000000 0,000000
127 1662721850 3,600000 -1,000000 -101,000000 0,000000 0,000000
127 1662721851 3,600000 -1,000000 -101,000000 0,000000 0,000000
127 1662721852 3,600000 -1,000000 -101,000000 0,000000 0,000000
127 1662721853 3,600000 -1,000000 -101,000000 0,000000 0,000000
127 1662721854 4,600000 -1,000000 -101,000000 0,000000 0,000000
127 1662721855 4,600000 -1,000000 -101,000000 0,000000 0,000000
127 1662721856 4,600000 -1,000000 -101,000000 0,000000 0,000000
127 1662721857 4,600000 -1,000000 -101,000000 0,000000 0,000000
127 1662721858 4,600000 -1,000000 -101,000000 0,000000 0,000000
127 1662721859 3,200000 -1,000000 -101,000000 0,000000 0,000000
127 1662721860 3,200000 -1,000000 -101,000000 0,000000 0,000000
127 1662721861 3,200000 -1,000000 -101,000000 0,000000 0,000000
127 1662721862 3,200000 -1,000000 -101,000000 0,000000 0,000000
127 1662721863 3,200000 -1,000000 -101,000000 0,000000 0,000000
127 1662721864 0,400000 -1,000000 -101,000000 0,000000 0,000000
127 1662721865 0,400000 -1,000000 -101,000000 0,000000 0,000000
127 1662721866 0,400000 -1,000000 -101,000000 0,000000 0,000000
127 1662721867 0,400000 -1,000000 -101,000000 0,000000 0,000000
127 1662721868 0,400000 -1,000000 -101,000000 0,000000 0,000000
127 1662721869 4,400000 -1,000000 -101,000000 0,000000 0,000000
127 1662721870 4,400000 -1,000000 -101,000000 0,000000 0,000000
127 1662721871 4,400000 -1,000000 -101,000000 0,000000 0,000000
127 1662721872 4,400000 -1,000000 -101,000000 0,000000 0,000000
127 1662721873 4,400000 -1,000000 -101,000000 0,000000 0,000000
127 1662721874 5,800000 -1,000000 -101,000000 0,000000 0,000000
127 1662721875 5,800000 -1,000000 -101,000000 0,000000 0,000000
127 1662721876 5,800000 -1,000000 -101,000000 0,000000 0,000000
127 1662721877 5,800000 -1,000000 -101,000000 0,000000 0,000000
127 1662721878 5,800000 -1,000000 -101,000000 0,000000 0,000000
127 1662721879 5,600000 -1,000000 -101,000000 0,000000 0,000000
127 1662721880 5,600000 -1,000000 -101,000000 0,000000 0,000000
127 1662721881 5,600000 -1,000000 -101,000000 0,000000 0,000000
127 1662721882 5,600000 -1,000000 -101,000000 0,000000 0,000000
127 1662721883 5,600000 -1,000000 -101,000000 0,000000 0,000000
127 1662721884 5,200000 -1,000000 -101,000000 0,000000 0,000000
127 1662721885 5,200000 -1,000000 -101,000000 0,000000 0,000000
127 1662721886 5,200000 -1,000000 -101,000000 0,000000 0,000000
127 1662721887 5,200000 -1,000000 -101,000000 0,000000 0,000000
127 1662721888 5,200000 -1,000000 -101,000000 0,000000 0,000000
127 1662721889 3,200000 -1,000000 -101,000000 0,000000 0,000000
127 1662721890 3,200000 -1,000000 -101,000000 0,000000 0,000000
127 1662721891 3,200000 -1,000000 -101,000000 0,000000 0,000000
127 1662721892 3,200000 -1,000000 -101,000000 0,000000 0,000000
127 1662721893 3,200000 -1,000000 -101,000000 0,000000 0,000000
127 1662721894 3,600000 -1,000000 -101,000000 0,000000 0,000000
127 1662721895 3,600000 -1,000000 -101,000000 0,000000 0,000000
127 1662721896 3,600000 -1,000000 -101,000000 0,000000 0,000000
127 1662721897 3,600000 -1,000000 -101,000000 0,000000 0,000000
127 1662721898 3,600000 -1,000000 -101,000000 0,000000 0,000000
127 1662721899 2,000000 -1,000000 -101,000000 0,000000 0,000000
127 1662721900 2,000000 -1,000000 -101,000000 0,000000 0,000000
127 1662721901 2,000000 -1,000000 -101,000000 0,000000 0,000000
127 1662721902 2,000000 -1,000000 -101,000000 0,000000 0,000000
127 1662721903 2,000000 -1,000000 -101,000000 0,000000 0,000000
127 1662721904 5,000000 -1,000000 -101,000000 0,000000 0,000000
127 1662721905 5,000000 -1,000000 -101,000000 0,000000 0,000000
127 1662721906 5,000000 -1,000000 -101,000000 0,000000 0,000000
127 1662721907 5,000000 -1,000000 -101,000000 0,000000 0,000000
127 1662721908 5,000000 -1,000000 -101,000000 0,000000 0,000000
127 1662721909 1,800000 -1,000000 -101,000000 0,000000 0,000000
127 1662721910 1,800000 -1,000000 -101,000000 0,000000 0,000000
127 1662721911 1,800000 -1,000000 -101,000000 0,000000 0,000000
127 1662721912 1,800000 -1,000000 -101,000000 0,000000 0,000000
127 1662721913 1,800000 -1,000000 -101,000000 0,000000 0,000000
127 1662721914 1,800000 -1,000000 -101,000000 0,000000 0,000000
127 1662721915 1,800000 -1,000000 -101,000000 0,000000 0,000000
127 1662721916 1,800000 -1,000000 -101,000000 0,000000 0,000000
127 1662721917 1,800000 -1,000000 -101,000000 0,000000 0,000000
127 1662721918 1,800000 -1,000000 -101,000000 0,000000 0,000000
127 1662721919 2,800000 -1,000000 -101,000000 0,000000 0,000000
127 1662721920 2,800000 -1,000000 -101,000000 0,000000 0,000000
127 1662721921 2,800000 -1,000000 -101,000000 0,000000 0,000000
127 1662721922 2,800000 -1,000000 -101,000000 0,000000 0,000000
127 1662721923 2,800000 -1,000000 -101,000000 0,000000 0,000000
127 1662721924 3,400000 -1,000000 -101,000000 0,000000 0,000000
127 1662721925 3,400000 -1,000000 -101,000000 0,000000 0,000000
127 1662721926 3,400000 -1,000000 -101,000000 0,000000 0,000000
127 1662721927 3,400000 -1,000000 -101,000000 0,000000 0,000000
127 1662721928 3,400000 -1,000000 -101,000000 0,000000 0,000000
127 1662721929 3,800000 -1,000000 -101,000000 0,000000 0,000000
127 1662721930 3,800000 -1,000000 -101,000000 0,000000 0,000000
127 1662721931 3,800000 -1,000000 -101,000000 0,000000 0,000000
127 1662721932 3,800000 -1,000000 -101,000000 0,000000 0,000000
127 1662721933 3,800000 -1,000000 -101,000000 0,000000 0,000000
127 1662721934 5,200000 -1,000000 -101,000000 0,000000 0,000000
127 1662721935 5,200000 -1,000000 -101,000000 0,000000 0,000000
127 1662721936 5,200000 -1,000000 -101,000000 0,000000 0,000000
127 1662721937 5,200000 -1,000000 -101,000000 0,000000 0,000000
127 1662721938 5,200000 -1,000000 -101,000000 0,000000 0,000000
127 1662721939 7,200000 -1,000000 -101,000000 0,000000 0,000000
127 1662721940 7,200000 -1,000000 -101,000000 0,000000 0,000000
127 1662721941 7,200000 -1,000000 -101,000000 0,000000 0,000000
127 1662721942 7,200000 -1,000000 -101,000000 0,000000 0,000000
127 1662721943 7,200000 -1,000000 -101,000000 0,000000 0,000000
127 1662721944 2,200000 -1,000000 -101,000000 0,000000 0,000000
127 1662721945 2,200000 -1,000000 -101,000000 0,000000 0,000000
127 1662721946 2,200000 -1,000000 -101,000000 0,000000 0,000000
127 1662721947 2,200000 -1,000000 -101,000000 0,000000 0,000000
127 1662721948 2,200000 -1,000000 -101,000000 0,000000 0,000000
127 1662721949 4,000000 -1,000000 -101,000000 0,000000 0,000000
127 1662721950 4,000000 -1,000000 -101,000000 0,000000 0,000000
127 1662721951 4,000000 -1,000000 -101,000000 0,000000 0,000000
127 1662721952 4,000000 -1,000000 -101,000000 0,000000 0,000000
127 1662721953 4,000000 -1,000000 -101,000000 0,000000 0,000000
127 1662721954 2,400000 -1,000000 -101,000000 0,000000 0,000000
127 1662721955 2,400000 -1,000000 -101,000000 0,000000 0,000000
127 1662721956 2,400000 -1,000000 -101,000000 0,000000 0,000000
127 1662721957 2,400000 -1,000000 -101,000000 0,000000 0,000000
127 1662721958 2,400000 -1,000000 -101,000000 0,000000 0,000000
127 1662721959 1,400000 -1,000000 -101,000000 0,000000 0,000000
127 1662721960 1,400000 -1,000000 -101,000000 0,000000 0,000000
127 1662721961 1,400000 -1,000000 -101,000000 0,000000 0,000000
127 1662721962 1,400000 -1,000000 -101,000000 0,000000 0,000000
127 1662721963 1,400000 -1,000000 -101,000000 0,000000 0,000000
127 1662721964 2,200000 -1,000000 -101,000000 0,000000 0,000000
127 1662721965 2,200000 -1,000000 -101,000000 0,000000 0,000000
127 1662721966 2,200000 -1,000000 -101,000000 0,000000 0,000000
127 1662721967 2,200000 -1,000000 -101,000000 0,000000 0,000000
127 1662721968 2,200000 -1,000000 -101,000000 0,000000 0,000000
127 1662721969 4,000000 -1,000000 -101,000000 0,000000 0,000000
127 1662721970 4,000000 -1,000000 -101,000000 0,000000 0,000000
127 1662721971 4,000000 -1,000000 -101,000000 0,000000 0,000000
127 1662721972 4,000000 -1,000000 -101,000000 0,000000 0,000000
127 1662721973 4,000000 -1,000000 -101,000000 0,000000 0,000000
127 1662721974 3,600000 -1,000000 -101,000000 0,000000 0,000000
127 1662721975 3,600000 -1,000000 -101,000000 0,000000 0,000000
127 1662721976 3,600000 -1,000000 -101,000000 0,000000 0,000000
127 1662721977 3,600000 -1,000000 -101,000000 0,000000 0,000000
127 1662721978 3,600000 -1,000000 -101,000000 0,000000 0,000000
127 1662721979 5,600000 -1,000000 -101,000000 0,000000 0,000000
127 1662721980 5,600000 -1,000000 -101,000000 0,000000 0,000000
127 1662721981 5,600000 -1,000000 -101,000000 0,000000 0,000000
127 1662721982 5,600000 -1,000000 -101,000000 0,000000 0,000000
127 1662721983 5,600000 -1,000000 -101,000000 0,000000 0,000000
127 1662721984 3,400000 -1,000000 -101,000000 0,000000 0,000000
127 1662721985 3,400000 -1,000000 -101,000000 0,000000 0,000000
127 1662721986 3,400000 -1,000000 -101,000000 0,000000 0,000000
127 1662721987 3,400000 -1,000000 -101,000000 0,000000 0,000000
127 1662721988 3,400000 -1,000000 -101,000000 0,000000 0,000000
127 1662721989 1,600000 -1,000000 -101,000000 0,000000 0,000000
127 1662721990 1,600000 -1,000000 -101,000000 0,000000 0,000000
127 1662721991 1,600000 -1,000000 -101,000000 0,000000 0,000000
127 1662721992 1,600000 -1,000000 -101,000000 0,000000 0,000000
127 1662721993 1,600000 -1,000000 -101,000000 0,000000 0,000000
127 1662721994 1,600000 -1,000000 -101,000000 0,000000 0,000000
127 1662721995 1,600000 -1,000000 -101,000000 0,000000 0,000000
127 1662721996 1,600000 -1,000000 -101,000000 0,000000 0,000000
127 1662721997 1,600000 -1,000000 -101,000000 0,000000 0,000000
127 1662721998 1,600000 -1,000000 -101,000000 0,000000 0,000000
127 1662721999 6,600000 -1,000000 -101,000000 0,000000 0,000000
127 1662722000 6,600000 -1,000000 -101,000000 0,000000 0,000000
127 1662722001 6,600000 -1,000000 -101,000000 0,000000 0,000000
127 1662722002 6,600000 -1,000000 -101,000000 0,000000 0,000000
127 1662722003 6,600000 -1,000000 -101,000000 0,000000 0,000000
127 1662722004 5,000000 -1,000000 -101,000000 0,000000 0,000000
127 1662722005 5,000000 -1,000000 -101,000000 0,000000 0,000000
127 1662722006 5,000000 -1,000000 -101,000000 0,000000 0,000000
127 1662722007 5,000000 -1,000000 -101,000000 0,000000 0,000000
127 1662722008 5,000000 -1,000000 -101,000000 0,000000 0,000000
127 1662722009 7,200000 -1,000000 -101,000000 0,000000 0,000000
127 1662722010 7,200000 -1,000000 -101,000000 0,000000 0,000000
127 1662722011 7,200000 -1,000000 -101,000000 0,000000 0,000000
127 1662722012 7,200000 -1,000000 -101,000000 0,000000 0,000000
127 1662722013 7,200000 -1,000000 -101,000000 0,000000 0,000000
127 1662722014 7,000000 -1,000000 -101,000000 0,000000 0,000000
127 1662722015 7,000000 -1,000000 -101,000000 0,000000 0,000000
127 1662722016 7,000000 -1,000000 -101,000000 0,000000 0,000000
127 1662722017 7,000000 -1,000000 -101,000000 0,000000 0,000000
127 1662722018 7,000000 -1,000000 -101,000000 0,000000 0,000000
127 1662722019 2,600000 -1,000000 -101,000000 0,000000 0,000000
127 1662722020 2,600000 -1,000000 -101,000000 0,000000 0,000000
127 1662722021 2,600000 -1,000000 -101,000000 0,000000 0,000000
127 1662722022 2,600000 -1,000000 -101,000000 0,000000 0,000000
127 1662722023 2,600000 -1,000000 -101,000000 0,000000 0,000000
127 1662722024 3,000000 -1,000000 -101,000000 0,000000 0,000000
127 1662722025 3,000000 -1,000000 -101,000000 0,000000 0,000000
127 1662722026 3,000000 -1,000000 -101,000000 0,000000 0,000000
127 1662722027 3,000000 -1,000000 -101,000000 0,000000 0,000000
127 1662722028 3,000000 -1,000000 -101,000000 0,000000 0,000000
127 1662722029 3,200000 -1,000000 -101,000000 0,000000 0,000000
127 1662722030 3,200000 -1,000000 -101,000000 0,000000 0,000000
127 1662722031 3,200000 -1,000000 -101,000000 0,000000 0,000000
127 1662722032 3,200000 -1,000000 -101,000000 0,000000 0,000000
127 1662722033 3,200000 -1,000000 -101,000000 0,000000 0,000000
127 1662722034 5,200000 -1,000000 -101,000000 0,000000 0,000000
127 1662722035 5,200000 -1,000000 -101,000000 0,000000 0,000000
127 1662722036 5,200000 -1,000000 -101,000000 0,000000 0,000000
127 1662722037 5,200000 -1,000000 -101,000000 0,000000 0,000000
127 1662722038 5,200000 -1,000000 -101,000000 0,000000 0,000000
127 1662722039 3,000000 -1,000000 -101,000000 0,000000 0,000000
127 1662722040 3,000000 -1,000000 -101,000000 0,000000 0,000000
127 1662722041 3,000000 -1,000000 -101,000000 0,000000 0,000000
127 1662722042 3,000000 -1,000000 -101,000000 0,000000 0,000000
127 1662722043 3,000000 -1,000000 -101,000000 0,000000 0,000000
127 1662722044 1,800000 -1,000000 -101,000000 0,000000 0,000000
127 1662722045 1,800000 -1,000000 -101,000000 0,000000 0,000000
127 1662722046 1,800000 -1,000000 -101,000000 0,000000 0,000000
127 1662722047 1,800000 -1,000000 -101,000000 0,000000 0,000000
127 1662722048 1,800000 -1,000000 -101,000000 0,000000 0,000000
127 1662722049 0,400000 -1,000000 -101,000000 0,000000 0,000000
127 1662722050 0,400000 -1,000000 -101,000000 0,000000 0,000000
127 1662722051 0,400000 -1,000000 -101,000000 0,000000 0,000000
127 1662722052 0,400000 -1,000000 -101,000000 0,000000 0,000000
127 1662722053 0,400000 -1,000000 -101,000000 0,000000 0,000000
127 1662722054 1,600000 -1,000000 -101,000000 0,000000 0,000000
127 1662722055 1,600000 -1,000000 -101,000000 0,000000 0,000000
127 1662722056 1,600000 -1,000000 -101,000000 0,000000 0,000000
127 1662722057 1,600000 -1,000000 -101,000000 0,000000 0,000000
127 1662722058 1,600000 -1,000000 -101,000000 0,000000 0,000000
127 1662722059 2,000000 -1,000000 -101,000000 0,000000 0,000000
127 1662722060 2,000000 -1,000000 -101,000000 0,000000 0,000000
127 1662722061 2,000000 -1,000000 -101,000000 0,000000 0,000000
127 1662722062 2,000000 -1,000000 -101,000000 0,000000 0,000000
127 1662722063 2,000000 -1,000000 -101,000000 0,000000 0,000000
127 1662722064 4,600000 -1,000000 -101,000000 0,000000 0,000000
127 1662722065 4,600000 -1,000000 -101,000000 0,000000 0,000000
127 1662722066 4,600000 -1,000000 -101,000000 0,000000 0,000000
127 1662722067 4,600000 -1,000000 -101,000000 0,000000 0,000000
127 1662722068 4,600000 -1,000000 -101,000000 0,000000 0,000000
127 1662722069 4,200000 -1,000000 -101,000000 0,000000 0,000000
127 1662722070 4,200000 -1,000000 -101,000000 0,000000 0,000000
127 1662722071 4,200000 -1,000000 -101,000000 0,000000 0,000000
127 1662722072 4,200000 -1,000000 -101,000000 0,000000 0,000000
127 1662722073 4,200000 -1,000000 -101,000000 0,000000 0,000000
127 1662722074 8,200000 -1,000000 -101,000000 0,000000 0,000000
127 1662722075 8,200000 -1,000000 -101,000000 0,000000 0,000000
127 1662722076 8,200000 -1,000000 -101,000000 0,000000 0,000000
127 1662722077 8,200000 -1,000000 -101,000000 0,000000 0,000000
127 1662722078 8,200000 -1,000000 -101,000000 0,000000 0,000000
127 1662722079 6,400000 -1,000000 -101,000000 0,000000 0,000000
127 1662722080 6,400000 -1,000000 -101,000000 0,000000 0,000000
127 1662722081 6,400000 -1,000000 -101,000000 0,000000 0,000000
127 1662722082 6,400000 -1,000000 -101,000000 0,000000 0,000000
127 1662722083 6,400000 -1,000000 -101,000000 0,000000 0,000000
127 1662722084 5,600000 -1,000000 -101,000000 0,000000 0,000000
127 1662722085 5,600000 -1,000000 -101,000000 0,000000 0,000000
127 1662722086 5,600000 -1,000000 -101,000000 0,000000 0,000000
127 1662722087 5,600000 -1,000000 -101,000000 0,000000 0,000000
127 1662722088 5,600000 -1,000000 -101,000000 0,000000 0,000000
127 1662722089 4,400000 -1,000000 -101,000000 0,000000 0,000000
127 1662722090 4,400000 -1,000000 -101,000000 0,000000 0,000000
127 1662722091 4,400000 -1,000000 -101,000000 0,000000 0,000000
127 1662722092 4,400000 -1,000000 -101,000000 0,000000 0,000000
127 1662722093 4,400000 -1,000000 -101,000000 0,000000 0,000000
127 1662722094 2,600000 -1,000000 -101,000000 0,000000 0,000000
127 1662722095 2,600000 -1,000000 -101,000000 0,000000 0,000000
127 1662722096 2,600000 -1,000000 -101,000000 0,000000 0,000000
127 1662722097 2,600000 -1,000000 -101,000000 0,000000 0,000000
127 1662722098 2,600000 -1,000000 -101,000000 0,000000 0,000000
127 1662722099 1,800000 -1,000000 -101,000000 0,000000 0,000000
127 1662722100 1,800000 -1,000000 -101,000000 0,000000 0,000000
127 1662722101 1,800000 -1,000000 -101,000000 0,000000 0,000000
127 1662722102 1,800000 -1,000000 -101,000000 0,000000 0,000000
127 1662722103 1,800000 -1,000000 -101,000000 0,000000 0,000000
127 1662722104 2,800000 -1,000000 -101,000000 0,000000 0,000000
127 1662722105 2,800000 -1,000000 -101,000000 0,000000 0,000000
127 1662722106 2,800000 -1,000000 -101,000000 0,000000 0,000000
127 1662722107 2,800000 -1,000000 -101,000000 0,000000 0,000000
127 1662722108 2,800000 -1,000000 -101,000000 0,000000 0,000000
127 1662722109 1,800000 -1,000000 -101,000000 0,000000 0,000000
127 1662722110 1,800000 -1,000000 -101,000000 0,000000 0,000000
127 1662722111 1,800000 -1,000000 -101,000000 0,000000 0,000000
127 1662722112 1,800000 -1,000000 -101,000000 0,000000 0,000000
127 1662722113 1,800000 -1,000000 -101,000000 0,000000 0,000000
127 1662722114 0,800000 -1,000000 -101,000000 0,000000 0,000000
127 1662722115 0,800000 -1,000000 -101,000000 0,000000 0,000000
127 1662722116 0,800000 -1,000000 -101,000000 0,000000 0,000000
127 1662722117 0,800000 -1,000000 -101,000000 0,000000 0,000000
127 1662722118 0,800000 -1,000000 -101,000000 0,000000 0,000000
127 1662722119 0,600000 -1,000000 -101,000000 0,000000 0,000000
127 1662722120 0,600000 -1,000000 -101,000000 0,000000 0,000000
127 1662722121 0,600000 -1,000000 -101,000000 0,000000 0,000000
127 1662722122 0,600000 -1,000000 -101,000000 0,000000 0,000000
127 1662722123 0,600000 -1,000000 -101,000000 0,000000 0,000000
127 1662722124 6,200000 -1,000000 -101,000000 0,000000 0,000000
127 1662722125 6,200000 -1,000000 -101,000000 0,000000 0,000000
127 1662722126 6,200000 -1,000000 -101,000000 0,000000 0,000000
127 1662722127 6,200000 -1,000000 -101,000000 0,000000 0,000000
127 1662722128 6,200000 -1,000000 -101,000000 0,000000 0,000000
127 1662722129 2,800000 -1,000000 -101,000000 0,000000 0,000000
127 1662722130 2,800000 -1,000000 -101,000000 0,000000 0,000000
127 1662722131 2,800000 -1,000000 -101,000000 0,000000 0,000000
127 1662722132 2,800000 -1,000000 -101,000000 0,000000 0,000000
127 1662722133 2,800000 -1,000000 -101,000000 0,000000 0,000000
127 1662722134 4,400000 -1,000000 -101,000000 0,000000 0,000000
127 1662722135 4,400000 -1,000000 -101,000000 0,000000 0,000000
127 1662722136 4,400000 -1,000000 -101,000000 0,000000 0,000000
127 1662722137 4,400000 -1,000000 -101,000000 0,000000 0,000000
127 1662722138 4,400000 -1,000000 -101,000000 0,000000 0,000000
127 1662722139 3,200000 -1,000000 -101,000000 0,000000 0,000000
127 1662722140 3,200000 -1,000000 -101,000000 0,000000 0,000000
127 1662722141 3,200000 -1,000000 -101,000000 0,000000 0,000000
127 1662722142 3,200000 -1,000000 -101,000000 0,000000 0,000000
127 1662722143 3,200000 -1,000000 -101,000000 0,000000 0,000000
127 1662722144 2,800000 -1,000000 -101,000000 0,000000 0,000000
127 1662722145 2,800000 -1,000000 -101,000000 0,000000 0,000000
127 1662722146 2,800000 -1,000000 -101,000000 0,000000 0,000000
127 1662722147 2,800000 -1,000000 -101,000000 0,000000 0,000000
127 1662722148 2,800000 -1,000000 -101,000000 0,000000 0,000000
127 1662722149 5,000000 -1,000000 -101,000000 0,000000 0,000000
127 1662722150 5,000000 -1,000000 -101,000000 0,000000 0,000000
127 1662722151 5,000000 -1,000000 -101,000000 0,000000 0,000000
127 1662722152 5,000000 -1,000000 -101,000000 0,000000 0,000000
127 1662722153 5,000000 -1,000000 -101,000000 0,000000 0,000000
127 1662722154 3,200000 -1,000000 -101,000000 0,000000 0,000000
127 1662722155 3,200000 -1,000000 -101,000000 0,000000 0,000000
127 1662722156 3,200000 -1,000000 -101,000000 0,000000 0,000000
127 1662722157 3,200000 -1,000000 -101,000000 0,000000 0,000000
127 1662722158 3,200000 -1,000000 -101,000000 0,000000 0,000000
127 1662722159 3,600000 -1,000000 -101,000000 0,000000 0,000000
127 1662722160 3,600000 -1,000000 -101,000000 0,000000 0,000000
127 1662722161 3,600000 -1,000000 -101,000000 0,000000 0,000000
127 1662722162 3,600000 -1,000000 -101,000000 0,000000 0,000000
127 1662722163 3,600000 -1,000000 -101,000000 0,000000 0,000000
127 1662722164 5,600000 -1,000000 -101,000000 0,000000 0,000000
127 1662722165 5,600000 -1,000000 -101,000000 0,000000 0,000000
127 1662722166 5,600000 -1,000000 -101,000000 0,000000 0,000000
127 1662722167 5,600000 -1,000000 -101,000000 0,000000 0,000000
127 1662722168 5,600000 -1,000000 -101,000000 0,000000 0,000000
127 1662722169 2,000000 -1,000000 -101,000000 0,000000 0,000000
127 1662722170 2,000000 -1,000000 -101,000000 0,000000 0,000000
127 1662722171 2,000000 -1,000000 -101,000000 0,000000 0,000000
127 1662722172 2,000000 -1,000000 -101,000000 0,000000 0,000000
127 1662722173 2,000000 -1,000000 -101,000000 0,000000 0,000000
127 1662722174 5,000000 -1,000000 -101,000000 0,000000 0,000000
127 1662722175 5,000000 -1,000000 -101,000000 0,000000 0,000000
127 1662722176 5,000000 -1,000000 -101,000000 0,000000 0,000000
127 1662722177 5,000000 -1,000000 -101,000000 0,000000 0,000000
127 1662722178 5,000000 -1,000000 -101,000000 0,000000 0,000000
127 1662722179 4,400000 -1,000000 -101,000000 0,000000 0,000000
127 1662722180 4,400000 -1,000000 -101,000000 0,000000 0,000000
127 1662722181 4,400000 -1,000000 -101,000000 0,000000 0,000000
127 1662722182 4,400000 -1,000000 -101,000000 0,000000 0,000000
127 1662722183 4,400000 -1,000000 -101,000000 0,000000 0,000000
127 1662722184 8,200000 -1,000000 -101,000000 0,000000 0,000000
127 1662722185 8,200000 -1,000000 -101,000000 0,000000 0,000000
127 1662722186 8,200000 -1,000000 -101,000000 0,000000 0,000000
127 1662722187 8,200000 -1,000000 -101,000000 0,000000 0,000000
127 1662722188 8,200000 -1,000000 -101,000000 0,000000 0,000000
127 1662722189 3,800000 -1,000000 -101,000000 0,000000 0,000000
127 1662722190 3,800000 -1,000000 -101,000000 0,000000 0,000000
127 1662722191 3,800000 -1,000000 -101,000000 0,000000 0,000000
127 1662722192 3,800000 -1,000000 -101,000000 0,000000 0,000000
127 1662722193 3,800000 -1,000000 -101,000000 0,000000 0,000000
127 1662722194 3,000000 -1,000000 -101,000000 0,000000 0,000000
127 1662722195 3,000000 -1,000000 -101,000000 0,000000 0,000000
127 1662722196 3,000000 -1,000000 -101,000000 0,000000 0,000000
127 1662722197 3,000000 -1,000000 -101,000000 0,000000 0,000000
127 1662722198 3,000000 -1,000000 -101,000000 0,000000 0,000000
127 1662722199 3,000000 -1,000000 -101,000000 0,000000 0,000000
127 1662722200 3,000000 -1,000000 -101,000000 0,000000 0,000000
127 1662722201 3,000000 -1,000000 -101,000000 0,000000 0,000000
127 1662722202 3,000000 -1,000000 -101,000000 0,000000 0,000000
127 1662722203 3,000000 -1,000000 -101,000000 0,000000 0,000000
127 1662722204 1,400000 -1,000000 -101,000000 0,000000 0,000000
127 1662722205 1,400000 -1,000000 -101,000000 0,000000 0,000000
127 1662722206 1,400000 -1,000000 -101,000000 0,000000 0,000000
127 1662722207 1,400000 -1,000000 -101,000000 0,000000 0,000000
127 1662722208 1,400000 -1,000000 -101,000000 0,000000 0,000000
127 1662722209 2,000000 -1,000000 -101,000000 0,000000 0,000000
127 1662722210 2,000000 -1,000000 -101,000000 0,000000 0,000000
127 1662722211 2,000000 -1,000000 -101,000000 0,000000 0,000000
127 1662722212 2,000000 -1,000000 -101,000000 0,000000 0,000000
127 1662722213 2,000000 -1,000000 -101,000000 0,000000 0,000000
127 1662722214 3,200000 -1,000000 -101,000000 0,000000 0,000000
127 1662722215 3,200000 -1,000000 -101,000000 0,000000 0,000000
127 1662722216 3,200000 -1,000000 -101,000000 0,000000 0,000000
127 1662722217 3,200000 -1,000000 -101,000000 0,000000 0,000000
127 1662722218 3,200000 -1,000000 -101,000000 0,000000 0,000000
127 1662722219 3,000000 -1,000000 -101,000000 0,000000 0,000000
127 1662722220 3,000000 -1,000000 -101,000000 0,000000 0,000000
