133 1662720790 0,000000 0,000000 -101,000000 0,000000 0,000000
133 1662720791 0,000000 0,000000 -101,000000 0,000000 0,000000
133 1662720792 0,000000 0,000000 -101,000000 0,000000 0,000000
133 1662720793 0,000000 0,000000 -101,000000 0,000000 0,000000
133 1662720794 4,000000 0,200000 0,800000 0,800000 -20,200000
133 1662720795 4,000000 0,200000 1,600000 1,600000 -20,200000
133 1662720796 4,000000 0,200000 2,400000 2,400000 -20,200000
133 1662720797 4,000000 0,200000 3,200000 3,200000 -20,200000
133 1662720798 4,000000 0,200000 4,000000 4,000000 -20,200000
133 1662720799 1,000000 0,400000 4,400000 4,400000 -20,200000
133 1662720800 1,000000 0,400000 4,800000 4,800000 -20,200000
133 1662720801 1,000000 0,400000 5,200000 5,200000 -20,200000
133 1662720802 1,000000 0,400000 5,600000 5,600000 -20,200000
133 1662720803 1,000000 0,400000 6,000000 6,000000 -20,200000
133 1662720804 0,500000 0,800000 6,400000 6,400000 -20,200000
133 1662720805 0,500000 0,800000 6,800000 6,800000 -20,200000
133 1662720806 0,500000 0,800000 7,200000 7,200000 -20,200000
133 1662720807 0,500000 0,800000 7,600000 7,600000 -20,200000
133 1662720808 0,500000 0,800000 8,000000 8,000000 -20,200000
133 1662720809 0,000000 1,200000 8,000000 8,000000 -20,200000
133 1662720810 0,000000 1,200000 8,000000 8,000000 -20,200000
133 1662720811 0,000000 1,200000 8,000000 8,000000 -20,200000
133 1662720812 0,000000 1,200000 8,000000 8,000000 -20,200000
133 1662720813 0,000000 1,200000 8,000000 8,000000 -20,200000
133 1662720814 0,111111 1,800000 8,200000 8,200000 -20,200000
133 1662720815 0,111111 1,800000 8,400000 8,400000 -20,200000
133 1662720816 0,111111 1,800000 8,600000 8,600000 -20,200000
133 1662720817 0,111111 1,800000 8,800000 8,800000 -20,200000
133 1662720818 0,111111 1,800000 9,000000 9,000000 -20,200000
133 1662720819 0,076923 2,600000 9,200000 9,200000 -20,200000
133 1662720820 0,076923 2,600000 9,400000 9,400000 -20,200000
133 1662720821 0,076923 2,600000 9,600000 9,600000 -20,200000
133 1662720822 0,076923 2,600000 9,800000 9,800000 -20,200000
133 1662720823 0,076923 2,600000 10,000000 10,000000 -20,200000
133 1662720824 0,000000 3,600000 10,000000 10,000000 -20,200000
133 1662720825 0,000000 3,600000 10,000000 10,000000 -20,200000
133 1662720826 0,000000 3,600000 10,000000 10,000000 -20,200000
133 1662720827 0,000000 3,600000 10,000000 10,000000 -20,200000
133 1662720828 0,000000 3,600000 10,000000 10,000000 -20,200000
133 1662720829 0,105263 3,800000 10,400000 10,400000 -20,200000
133 1662720830 0,105263 3,800000 10,800000 10,800000 -20,200000
133 1662720831 0,105263 3,800000 11,200000 11,200000 -20,200000
133 1662720832 0,105263 3,800000 11,600000 11,600000 -20,200000
133 1662720833 0,105263 3,800000 12,000000 12,000000 -20,200000
133 1662720834 -0,045455 4,400000 11,800000 11,800000 -20,200000
133 1662720835 -0,045455 4,400000 11,600000 11,600000 -20,200000
133 1662720836 -0,045455 4,400000 11,400000 11,400000 -20,200000
133 1662720837 -0,045455 4,400000 11,200000 11,200000 -20,200000
133 1662720838 -0,045455 4,400000 11,000000 11,000000 -20,200000
133 1662720839 0,086957 4,600000 11,400000 11,400000 -20,200000
133 1662720840 0,086957 4,600000 11,800000 11,800000 -20,200000
133 1662720841 0,086957 4,600000 12,200000 12,200000 -20,200000
133 1662720842 0,086957 4,600000 12,600000 12,600000 -20,200000
133 1662720843 0,086957 4,600000 13,000000 13,000000 -20,200000
133 1662720844 0,080000 5,000000 13,400000 13,400000 -20,200000
133 1662720845 0,080000 5,000000 13,800000 13,800000 -20,200000
133 1662720846 0,080000 5,000000 14,200000 14,200000 -20,200000
133 1662720847 0,080000 5,000000 14,600000 14,600000 -20,200000
133 1662720848 0,080000 5,000000 15,000000 15,000000 -20,200000
133 1662720849 -0,037037 5,400000 14,800000 14,800000 -20,200000
133 1662720850 -0,037037 5,400000 14,600000 14,600000 -20,200000
133 1662720851 -0,037037 5,400000 14,400000 14,400000 -20,200000
133 1662720852 -0,037037 5,400000 14,200000 14,200000 -20,200000
133 1662720853 -0,037037 5,400000 14,000000 14,000000 -20,200000
133 1662720854 0,133333 6,000000 14,800000 14,800000 -20,200000
133 1662720855 0,133333 6,000000 15,600000 15,600000 -20,200000
133 1662720856 0,133333 6,000000 16,400000 16,400000 -20,200000
133 1662720857 0,133333 6,000000 17,200000 17,200000 -20,200000
133 1662720858 0,133333 6,000000 18,000000 18,000000 -20,200000
133 1662720859 -0,029412 6,800000 17,800000 17,800000 -20,200000
133 1662720860 -0,029412 6,800000 17,600000 17,600000 -20,200000
133 1662720861 -0,029412 6,800000 17,400000 17,400000 -20,200000
133 1662720862 -0,029412 6,800000 17,200000 17,200000 -20,200000
133 1662720863 -0,029412 6,800000 17,000000 17,000000 -20,200000
133 1662720864 0,000000 7,800000 17,000000 17,000000 -20,200000
133 1662720865 0,000000 7,800000 17,000000 17,000000 -20,200000
133 1662720866 0,000000 7,800000 17,000000 17,000000 -20,200000
133 1662720867 0,000000 7,800000 17,000000 17,000000 -20,200000
133 1662720868 0,000000 7,800000 17,000000 17,000000 -20,200000
133 1662720869 0,095238 8,400000 17,800000 17,800000 -20,200000
133 1662720870 0,095238 8,400000 18,600000 18,600000 -20,200000
133 1662720871 0,095238 8,400000 19,400000 19,400000 -20,200000
133 1662720872 0,095238 8,400000 20,200000 20,200000 -20,200000
133 1662720873 0,095238 8,400000 21,000000 21,000000 -20,200000
133 1662720874 0,152174 9,200000 22,400000 22,400000 -20,200000
133 1662720875 0,152174 9,200000 23,800000 23,800000 -20,200000
133 1662720876 0,152174 9,200000 25,200000 25,200000 -20,200000
133 1662720877 0,152174 9,200000 26,600000 26,600000 -20,200000
133 1662720878 0,152174 9,200000 28,000000 28,000000 -20,200000
133 1662720879 0,096154 10,400000 29,000000 29,000000 -20,200000
133 1662720880 0,096154 10,400000 30,000000 30,000000 -20,200000
133 1662720881 0,096154 10,400000 31,000000 31,000000 -20,200000
133 1662720882 0,096154 10,400000 32,000000 32,000000 -20,200000
133 1662720883 0,096154 10,400000 33,000000 33,000000 -20,200000
133 1662720884 -0,116667 12,000000 31,600000 31,600000 -20,200000
133 1662720885 -0,116667 12,000000 30,200000 30,200000 -20,200000
133 1662720886 -0,116667 12,000000 28,800000 28,800000 -20,200000
133 1662720887 -0,116667 12,000000 27,400000 27,400000 -20,200000
133 1662720888 -0,116667 12,000000 26,000000 26,000000 -20,200000
133 1662720889 -0,031250 12,800000 25,600000 25,600000 -20,200000
133 1662720890 -0,031250 12,800000 25,200000 25,200000 -20,200000
133 1662720891 -0,031250 12,800000 24,800000 24,800000 -20,200000
133 1662720892 -0,031250 12,800000 24,400000 24,400000 -20,200000
133 1662720893 -0,031250 12,800000 24,000000 24,000000 -20,200000
133 1662720894 -0,014925 13,400000 23,800000 23,800000 -20,200000
133 1662720895 -0,014925 13,400000 23,600000 23,600000 -20,200000
133 1662720896 -0,014925 13,400000 23,400000 23,400000 -20,200000
133 1662720897 -0,014925 13,400000 23,200000 23,200000 -20,200000
133 1662720898 -0,014925 13,400000 23,000000 23,000000 -20,200000
133 1662720899 -0,042857 14,000000 22,400000 22,400000 -20,200000
133 1662720900 -0,042857 14,000000 21,800000 21,800000 -20,200000
133 1662720901 -0,042857 14,000000 21,200000 21,200000 -20,200000
133 1662720902 -0,042857 14,000000 20,600000 20,600000 -20,200000
133 1662720903 -0,042857 14,000000 20,000000 20,000000 -20,200000
133 1662720904 0,041667 14,400000 20,600000 20,600000 -20,200000
133 1662720905 0,041667 14,400000 21,200000 21,200000 -20,200000
133 1662720906 0,041667 14,400000 21,800000 21,800000 -20,200000
133 1662720907 0,041667 14,400000 22,400000 22,400000 -20,200000
133 1662720908 0,041667 14,400000 23,000000 23,000000 -20,200000
133 1662720909 -0,027027 14,800000 22,600000 22,600000 -20,200000
133 1662720910 -0,027027 14,800000 22,200000 22,200000 -20,200000
133 1662720911 -0,027027 14,800000 21,800000 21,800000 -20,200000
133 1662720912 -0,027027 14,800000 21,400000 21,400000 -20,200000
133 1662720913 -0,027027 14,800000 21,000000 21,000000 -20,200000
133 1662720914 0,000000 15,200000 21,000000 21,000000 -20,200000
133 1662720915 0,000000 15,200000 21,000000 21,000000 -20,200000
133 1662720916 0,000000 15,200000 21,000000 21,000000 -20,200000
133 1662720917 0,000000 15,200000 21,000000 21,000000 -20,200000
133 1662720918 0,000000 15,200000 21,000000 21,000000 -20,200000
133 1662720919 0,038462 15,600000 21,600000 21,600000 -20,200000
133 1662720920 0,038462 15,600000 22,200000 22,200000 -20,200000
133 1662720921 0,038462 15,600000 22,800000 22,800000 -20,200000
133 1662720922 0,038462 15,600000 23,400000 23,400000 -20,200000
133 1662720923 0,038462 15,600000 24,000000 24,000000 -20,200000
133 1662720924 0,036145 16,600000 24,600000 24,600000 -20,200000
133 1662720925 0,036145 16,600000 25,200000 25,200000 -20,200000
133 1662720926 0,036145 16,600000 25,800000 25,800000 -20,200000
133 1662720927 0,036145 16,600000 26,400000 26,400000 -20,200000
133 1662720928 0,036145 16,600000 27,000000 27,000000 -20,200000
133 1662720929 -0,011628 17,200000 26,800000 26,800000 -20,200000
133 1662720930 -0,011628 17,200000 26,600000 26,600000 -20,200000
133 1662720931 -0,011628 17,200000 26,400000 26,400000 -20,200000
133 1662720932 -0,011628 17,200000 26,200000 26,200000 -20,200000
133 1662720933 -0,011628 17,200000 26,000000 26,000000 -20,200000
133 1662720934 -0,087912 18,200000 24,400000 24,400000 -20,200000
133 1662720935 -0,087912 18,200000 22,800000 22,800000 -20,200000
133 1662720936 -0,087912 18,200000 21,200000 21,200000 -20,200000
133 1662720937 -0,087912 18,200000 19,600000 19,600000 -20,200000
133 1662720938 -0,087912 18,200000 18,000000 18,000000 -20,200000
133 1662720939 0,021739 18,400000 18,400000 18,400000 -20,200000
133 1662720940 0,021739 18,400000 18,800000 18,800000 -20,200000
133 1662720941 0,021739 18,400000 19,200000 19,200000 -20,200000
133 1662720942 0,021739 18,400000 19,600000 19,600000 -20,200000
133 1662720943 0,021739 18,400000 20,000000 20,000000 -20,200000
133 1662720944 0,082474 19,400000 21,600000 21,600000 -20,200000
133 1662720945 0,082474 19,400000 23,200000 23,200000 -20,200000
133 1662720946 0,082474 19,400000 24,800000 24,800000 -20,200000
133 1662720947 0,082474 19,400000 26,400000 26,400000 -20,200000
133 1662720948 0,082474 19,400000 28,000000 28,000000 -20,200000
133 1662720949 0,019417 20,600000 28,400000 28,400000 -20,200000
133 1662720950 0,019417 20,600000 28,800000 28,800000 -20,200000
133 1662720951 0,019417 20,600000 29,200000 29,200000 -20,200000
133 1662720952 0,019417 20,600000 29,600000 29,600000 -20,200000
133 1662720953 0,019417 20,600000 30,000000 30,000000 -20,200000
133 1662720954 -0,018868 21,200000 29,600000 29,600000 -20,200000
133 1662720955 -0,018868 21,200000 29,200000 29,200000 -20,200000
133 1662720956 -0,018868 21,200000 28,800000 28,800000 -20,200000
133 1662720957 -0,018868 21,200000 28,400000 28,400000 -20,200000
133 1662720958 -0,018868 21,200000 28,000000 28,000000 -20,200000
133 1662720959 -0,027273 22,000000 27,400000 27,400000 -20,200000
133 1662720960 -0,027273 22,000000 26,800000 26,800000 -20,200000
133 1662720961 -0,027273 22,000000 26,200000 26,200000 -20,200000
133 1662720962 -0,027273 22,000000 25,600000 25,600000 -20,200000
133 1662720963 -0,027273 22,000000 25,000000 25,000000 -20,200000
133 1662720964 -0,035714 22,400000 24,200000 24,200000 -20,200000
133 1662720965 -0,035714 22,400000 23,400000 23,400000 -20,200000
133 1662720966 -0,035714 22,400000 22,600000 22,600000 -20,200000
133 1662720967 -0,035714 22,400000 21,800000 21,800000 -20,200000
133 1662720968 -0,035714 22,400000 21,000000 21,000000 -20,200000
133 1662720969 -0,026087 23,000000 20,400000 20,400000 -20,200000
133 1662720970 -0,026087 23,000000 19,800000 19,800000 -20,200000
133 1662720971 -0,026087 23,000000 19,200000 19,200000 -20,200000
133 1662720972 -0,026087 23,000000 18,600000 18,600000 -20,200000
133 1662720973 -0,026087 23,000000 18,000000 18,000000 -20,200000
133 1662720974 0,008403 23,800000 18,200000 18,200000 -20,200000
133 1662720975 0,008403 23,800000 18,400000 18,400000 -20,200000
133 1662720976 0,008403 23,800000 18,600000 18,600000 -20,200000
133 1662720977 0,008403 23,800000 18,800000 18,800000 -20,200000
133 1662720978 0,008403 23,800000 19,000000 19,000000 -20,200000
133 1662720979 0,073770 24,400000 20,800000 20,800000 -20,200000
133 1662720980 0,073770 24,400000 22,600000 22,600000 -20,200000
133 1662720981 0,073770 24,400000 24,400000 24,400000 -20,200000
133 1662720982 0,073770 24,400000 26,200000 26,200000 -20,200000
133 1662720983 0,073770 24,400000 28,000000 28,000000 -20,200000
133 1662720984 0,000000 25,400000 28,000000 28,000000 -20,200000
133 1662720985 0,000000 25,400000 28,000000 28,000000 -20,200000
133 1662720986 0,000000 25,400000 28,000000 28,000000 -20,200000
133 1662720987 0,000000 25,400000 28,000000 28,000000 -20,200000
133 1662720988 0,000000 25,400000 28,000000 28,000000 -20,200000
133 1662720989 0,000000 26,200000 28,000000 28,000000 -20,200000
133 1662720990 0,000000 26,200000 28,000000 28,000000 -20,200000
133 1662720991 0,000000 26,200000 28,000000 28,000000 -20,200000
133 1662720992 0,000000 26,200000 28,000000 28,000000 -20,200000
133 1662720993 0,000000 26,200000 28,000000 28,000000 -20,200000
133 1662720994 -0,052239 26,800000 26,600000 26,600000 -20,200000
133 1662720995 -0,052239 26,800000 25,200000 25,200000 -20,200000
133 1662720996 -0,052239 26,800000 23,800000 23,800000 -20,200000
133 1662720997 -0,052239 26,800000 22,400000 22,400000 -20,200000
133 1662720998 -0,052239 26,800000 21,000000 21,000000 -20,200000
133 1662720999 -0,014815 27,000000 20,600000 20,600000 -20,200000
133 1662721000 -0,014815 27,000000 20,200000 20,200000 -20,200000
133 1662721001 -0,014815 27,000000 19,800000 19,800000 -20,200000
133 1662721002 -0,014815 27,000000 19,400000 19,400000 -20,200000
133 1662721003 -0,014815 27,000000 19,000000 19,000000 -20,200000
133 1662721004 0,028777 27,800000 19,800000 19,800000 -20,200000
133 1662721005 0,028777 27,800000 20,600000 20,600000 -20,200000
133 1662721006 0,028777 27,800000 21,400000 21,400000 -20,200000
133 1662721007 0,028777 27,800000 22,200000 22,200000 -20,200000
133 1662721008 0,028777 27,800000 23,000000 23,000000 -20,200000
133 1662721009 0,013889 28,800000 23,400000 23,400000 -20,200000
133 1662721010 0,013889 28,800000 23,800000 23,800000 -20,200000
133 1662721011 0,013889 28,800000 24,200000 24,200000 -20,200000
133 1662721012 0,013889 28,800000 24,600000 24,600000 -20,200000
133 1662721013 0,013889 28,800000 25,000000 25,000000 -20,200000
133 1662721014 0,034014 29,400000 26,000000 26,000000 -20,200000
133 1662721015 0,034014 29,400000 27,000000 27,000000 -20,200000
133 1662721016 0,034014 29,400000 28,000000 28,000000 -20,200000
133 1662721017 0,034014 29,400000 29,000000 29,000000 -20,200000
133 1662721018 0,034014 29,400000 30,000000 30,000000 -20,200000
133 1662721019 0,000000 30,400000 30,000000 30,000000 -20,200000
133 1662721020 0,000000 30,400000 30,000000 30,000000 -20,200000
133 1662721021 0,000000 30,400000 30,000000 30,000000 -20,200000
133 1662721022 0,000000 30,400000 30,000000 30,000000 -20,200000
133 1662721023 0,000000 30,400000 30,000000 30,000000 -20,200000
133 1662721024 0,000000 31,200000 30,000000 30,000000 -20,200000
133 1662721025 0,000000 31,200000 30,000000 30,000000 -20,200000
133 1662721026 0,000000 31,200000 30,000000 30,000000 -20,200000
133 1662721027 0,000000 31,200000 30,000000 30,000000 -20,200000
133 1662721028 0,000000 31,200000 30,000000 30,000000 -20,200000
133 1662721029 -0,012500 32,000000 29,600000 29,600000 -20,200000
133 1662721030 -0,012500 32,000000 29,200000 29,200000 -20,200000
133 1662721031 -0,012500 32,000000 28,800000 28,800000 -20,200000
133 1662721032 -0,012500 32,000000 28,400000 28,400000 -20,200000
133 1662721033 -0,012500 32,000000 28,000000 28,000000 -20,200000
133 1662721034 -0,024242 33,000000 27,200000 27,200000 -20,200000
133 1662721035 -0,024242 33,000000 26,400000 26,400000 -20,200000
133 1662721036 -0,024242 33,000000 25,600000 25,600000 -20,200000
133 1662721037 -0,024242 33,000000 24,800000 24,800000 -20,200000
133 1662721038 -0,024242 33,000000 24,000000 24,000000 -20,200000
133 1662721039 0,011765 34,000000 24,400000 24,400000 -20,200000
133 1662721040 0,011765 34,000000 24,800000 24,800000 -20,200000
133 1662721041 0,011765 34,000000 25,200000 25,200000 -20,200000
133 1662721042 0,011765 34,000000 25,600000 25,600000 -20,200000
133 1662721043 0,011765 34,000000 26,000000 26,000000 -20,200000
133 1662721044 0,011429 35,000000 26,400000 26,400000 -20,200000
133 1662721045 0,011429 35,000000 26,800000 26,800000 -20,200000
133 1662721046 0,011429 35,000000 27,200000 27,200000 -20,200000
133 1662721047 0,011429 35,000000 27,600000 27,600000 -20,200000
133 1662721048 0,011429 35,000000 28,000000 28,000000 -20,200000
133 1662721049 -0,027624 36,200000 27,000000 27,000000 -20,200000
133 1662721050 -0,027624 36,200000 26,000000 26,000000 -20,200000
133 1662721051 -0,027624 36,200000 25,000000 25,000000 -20,200000
133 1662721052 -0,027624 36,200000 24,000000 24,000000 -20,200000
133 1662721053 -0,027624 36,200000 23,000000 23,000000 -20,200000
133 1662721054 -0,010811 37,000000 22,600000 22,600000 -20,200000
133 1662721055 -0,010811 37,000000 22,200000 22,200000 -20,200000
133 1662721056 -0,010811 37,000000 21,800000 21,800000 -20,200000
133 1662721057 -0,010811 37,000000 21,400000 21,400000 -20,200000
133 1662721058 -0,010811 37,000000 21,000000 21,000000 -20,200000
133 1662721059 0,000000 37,000000 21,000000 21,000000 -20,200000
133 1662721060 0,000000 37,000000 21,000000 21,000000 -20,200000
133 1662721061 0,000000 37,000000 21,000000 21,000000 -20,200000
133 1662721062 0,000000 37,000000 21,000000 21,000000 -20,200000
133 1662721063 0,000000 37,000000 21,000000 21,000000 -20,200000
133 1662721064 0,005376 37,200000 21,200000 21,200000 -20,200000
133 1662721065 0,005376 37,200000 21,400000 21,400000 -20,200000
133 1662721066 0,005376 37,200000 21,600000 21,600000 -20,200000
133 1662721067 0,005376 37,200000 21,800000 21,800000 -20,200000
133 1662721068 0,005376 37,200000 22,000000 22,000000 -20,200000
133 1662721069 0,010582 37,800000 22,400000 22,400000 -20,200000
133 1662721070 0,010582 37,800000 22,800000 22,800000 -20,200000
133 1662721071 0,010582 37,800000 23,200000 23,200000 -20,200000
133 1662721072 0,010582 37,800000 23,600000 23,600000 -20,200000
133 1662721073 0,010582 37,800000 24,000000 24,000000 -20,200000
133 1662721074 0,025907 38,600000 25,000000 25,000000 -20,200000
133 1662721075 0,025907 38,600000 26,000000 26,000000 -20,200000
133 1662721076 0,025907 38,600000 27,000000 27,000000 -20,200000
133 1662721077 0,025907 38,600000 28,000000 28,000000 -20,200000
133 1662721078 0,025907 38,600000 29,000000 29,000000 -20,200000
133 1662721079 0,015152 39,600000 29,600000 29,600000 -20,200000
133 1662721080 0,015152 39,600000 30,200000 30,200000 -20,200000
133 1662721081 0,015152 39,600000 30,800000 30,800000 -20,200000
133 1662721082 0,015152 39,600000 31,400000 31,400000 -20,200000
133 1662721083 0,015152 39,600000 32,000000 32,000000 -20,200000
133 1662721084 -0,039024 41,000000 30,400000 30,400000 -20,200000
133 1662721085 -0,039024 41,000000 28,800000 28,800000 -20,200000
133 1662721086 -0,039024 41,000000 27,200000 27,200000 -20,200000
133 1662721087 -0,039024 41,000000 25,600000 25,600000 -20,200000
133 1662721088 -0,039024 41,000000 24,000000 24,000000 -20,200000
133 1662721089 0,014286 42,000000 24,600000 24,600000 -20,200000
133 1662721090 0,014286 42,000000 25,200000 25,200000 -20,200000
133 1662721091 0,014286 42,000000 25,800000 25,800000 -20,200000
133 1662721092 0,014286 42,000000 26,400000 26,400000 -20,200000
133 1662721093 0,014286 42,000000 27,000000 27,000000 -20,200000
133 1662721094 -0,009434 42,400000 26,600000 26,600000 -20,200000
133 1662721095 -0,009434 42,400000 26,200000 26,200000 -20,200000
133 1662721096 -0,009434 42,400000 25,800000 25,800000 -20,200000
133 1662721097 -0,009434 42,400000 25,400000 25,400000 -20,200000
133 1662721098 -0,009434 42,400000 25,000000 25,000000 -20,200000
133 1662721099 -0,009302 43,000000 24,600000 24,600000 -20,200000
133 1662721100 -0,009302 43,000000 24,200000 24,200000 -20,200000
133 1662721101 -0,009302 43,000000 23,800000 23,800000 -20,200000
133 1662721102 -0,009302 43,000000 23,400000 23,400000 -20,200000
133 1662721103 -0,009302 43,000000 23,000000 23,000000 -20,200000
133 1662721104 0,004566 43,800000 23,200000 23,200000 -20,200000
133 1662721105 0,004566 43,800000 23,400000 23,400000 -20,200000
133 1662721106 0,004566 43,800000 23,600000 23,600000 -20,200000
133 1662721107 0,004566 43,800000 23,800000 23,800000 -20,200000
133 1662721108 0,004566 43,800000 24,000000 24,000000 -20,200000
133 1662721109 0,000000 44,600000 24,000000 24,000000 -20,200000
133 1662721110 0,000000 44,600000 24,000000 24,000000 -20,200000
133 1662721111 0,000000 44,600000 24,000000 24,000000 -20,200000
133 1662721112 0,000000 44,600000 24,000000 24,000000 -20,200000
133 1662721113 0,000000 44,600000 24,000000 24,000000 -20,200000
133 1662721114 -0,013333 45,000000 23,400000 23,400000 -20,200000
133 1662721115 -0,013333 45,000000 22,800000 22,800000 -20,200000
133 1662721116 -0,013333 45,000000 22,200000 22,200000 -20,200000
133 1662721117 -0,013333 45,000000 21,600000 21,600000 -20,200000
133 1662721118 -0,013333 45,000000 21,000000 21,000000 -20,200000
133 1662721119 -0,013274 45,200000 20,400000 20,400000 -20,200000
133 1662721120 -0,013274 45,200000 19,800000 19,800000 -20,200000
133 1662721121 -0,013274 45,200000 19,200000 19,200000 -20,200000
133 1662721122 -0,013274 45,200000 18,600000 18,600000 -20,200000
133 1662721123 -0,013274 45,200000 18,000000 18,000000 -20,200000
133 1662721124 0,004386 45,600000 18,200000 18,200000 -20,200000
133 1662721125 0,004386 45,600000 18,400000 18,400000 -20,200000
133 1662721126 0,004386 45,600000 18,600000 18,600000 -20,200000
133 1662721127 0,004386 45,600000 18,800000 18,800000 -20,200000
133 1662721128 0,004386 45,600000 19,000000 19,000000 -20,200000
133 1662721129 0,043103 46,400000 21,000000 21,000000 -20,200000
133 1662721130 0,043103 46,400000 23,000000 23,000000 -20,200000
133 1662721131 0,043103 46,400000 25,000000 25,000000 -20,200000
133 1662721132 0,043103 46,400000 27,000000 27,000000 -20,200000
133 1662721133 0,043103 46,400000 29,000000 29,000000 -20,200000
133 1662721134 -0,012658 47,400000 28,400000 28,400000 -20,200000
133 1662721135 -0,012658 47,400000 27,800000 27,800000 -20,200000
133 1662721136 -0,012658 47,400000 27,200000 27,200000 -20,200000
133 1662721137 -0,012658 47,400000 26,600000 26,600000 -20,200000
133 1662721138 -0,012658 47,400000 26,000000 26,000000 -20,200000
133 1662721139 -0,008403 47,600000 25,600000 25,600000 -20,200000
133 1662721140 -0,008403 47,600000 25,200000 25,200000 -20,200000
133 1662721141 -0,008403 47,600000 24,800000 24,800000 -20,200000
133 1662721142 -0,008403 47,600000 24,400000 24,400000 -20,200000
133 1662721143 -0,008403 47,600000 24,000000 24,000000 -20,200000
133 1662721144 0,004149 48,200000 24,200000 24,200000 -20,200000
133 1662721145 0,004149 48,200000 24,400000 24,400000 -20,200000
133 1662721146 0,004149 48,200000 24,600000 24,600000 -20,200000
133 1662721147 0,004149 48,200000 24,800000 24,800000 -20,200000
133 1662721148 0,004149 48,200000 25,000000 25,000000 -20,200000
133 1662721149 0,008197 48,800000 25,400000 25,400000 -20,200000
133 1662721150 0,008197 48,800000 25,800000 25,800000 -20,200000
133 1662721151 0,008197 48,800000 26,200000 26,200000 -20,200000
133 1662721152 0,008197 48,800000 26,600000 26,600000 -20,200000
133 1662721153 0,008197 48,800000 27,000000 27,000000 -20,200000
133 1662721154 -0,008032 49,800000 26,600000 26,600000 -20,200000
133 1662721155 -0,008032 49,800000 26,200000 26,200000 -20,200000
133 1662721156 -0,008032 49,800000 25,800000 25,800000 -20,200000
133 1662721157 -0,008032 49,800000 25,400000 25,400000 -20,200000
133 1662721158 -0,008032 49,800000 25,000000 25,000000 -20,200000
133 1662721159 -0,003922 51,000000 24,800000 24,800000 -20,200000
133 1662721160 -0,003922 51,000000 24,600000 24,600000 -20,200000
133 1662721161 -0,003922 51,000000 24,400000 24,400000 -20,200000
133 1662721162 -0,003922 51,000000 24,200000 24,200000 -20,200000
133 1662721163 -0,003922 51,000000 24,000000 24,000000 -20,200000
133 1662721164 0,007634 52,400000 24,400000 24,400000 -20,200000
133 1662721165 0,007634 52,400000 24,800000 24,800000 -20,200000
133 1662721166 0,007634 52,400000 25,200000 25,200000 -20,200000
133 1662721167 0,007634 52,400000 25,600000 25,600000 -20,200000
133 1662721168 0,007634 52,400000 26,000000 26,000000 -20,200000
133 1662721169 0,007547 53,000000 26,400000 26,400000 -20,200000
133 1662721170 0,007547 53,000000 26,800000 26,800000 -20,200000
133 1662721171 0,007547 53,000000 27,200000 27,200000 -20,200000
133 1662721172 0,007547 53,000000 27,600000 27,600000 -20,200000
133 1662721173 0,007547 53,000000 28,000000 28,000000 -20,200000
133 1662721174 -0,003690 54,200000 27,800000 27,800000 -20,200000
133 1662721175 -0,003690 54,200000 27,600000 27,600000 -20,200000
133 1662721176 -0,003690 54,200000 27,400000 27,400000 -20,200000
133 1662721177 -0,003690 54,200000 27,200000 27,200000 -20,200000
133 1662721178 -0,003690 54,200000 27,000000 27,000000 -20,200000
133 1662721179 -0,003663 54,600000 26,800000 26,800000 -20,200000
133 1662721180 -0,003663 54,600000 26,600000 26,600000 -20,200000
133 1662721181 -0,003663 54,600000 26,400000 26,400000 -20,200000
133 1662721182 -0,003663 54,600000 26,200000 26,200000 -20,200000
133 1662721183 -0,003663 54,600000 26,000000 26,000000 -20,200000
133 1662721184 -0,025362 55,200000 24,600000 24,600000 -20,200000
133 1662721185 -0,025362 55,200000 23,200000 23,200000 -20,200000
133 1662721186 -0,025362 55,200000 21,800000 21,800000 -20,200000
133 1662721187 -0,025362 55,200000 20,400000 20,400000 -20,200000
133 1662721188 -0,025362 55,200000 19,000000 19,000000 -20,200000
133 1662721189 0,000000 55,600000 19,000000 19,000000 -20,200000
133 1662721190 0,000000 55,600000 19,000000 19,000000 -20,200000
133 1662721191 0,000000 55,600000 19,000000 19,000000 -20,200000
133 1662721192 0,000000 55,600000 19,000000 19,000000 -20,200000
133 1662721193 0,000000 55,600000 19,000000 19,000000 -20,200000
133 1662721194 0,000000 56,400000 19,000000 19,000000 -20,200000
133 1662721195 0,000000 56,400000 19,000000 19,000000 -20,200000
133 1662721196 0,000000 56,400000 19,000000 19,000000 -20,200000
133 1662721197 0,000000 56,400000 19,000000 19,000000 -20,200000
133 1662721198 0,000000 56,400000 19,000000 19,000000 -20,200000
133 1662721199 0,024648 56,800000 20,400000 20,400000 -20,200000
133 1662721200 0,024648 56,800000 21,800000 21,800000 -20,200000
133 1662721201 0,024648 56,800000 23,200000 23,200000 -20,200000
133 1662721202 0,024648 56,800000 24,600000 24,600000 -20,200000
133 1662721203 0,024648 56,800000 26,000000 26,000000 -20,200000
133 1662721204 0,000000 57,200000 26,000000 26,000000 -20,200000
133 1662721205 0,000000 57,200000 26,000000 26,000000 -20,200000
133 1662721206 0,000000 57,200000 26,000000 26,000000 -20,200000
133 1662721207 0,000000 57,200000 26,000000 26,000000 -20,200000
133 1662721208 0,000000 57,200000 26,000000 26,000000 -20,200000
133 1662721209 -0,003472 57,600000 25,800000 25,800000 -20,200000
133 1662721210 -0,003472 57,600000 25,600000 25,600000 -20,200000
133 1662721211 -0,003472 57,600000 25,400000 25,400000 -20,200000
133 1662721212 -0,003472 57,600000 25,200000 25,200000 -20,200000
133 1662721213 -0,003472 57,600000 25,000000 25,000000 -20,200000
133 1662721214 0,000000 58,000000 25,000000 25,000000 -20,200000
133 1662721215 0,000000 58,000000 25,000000 25,000000 -20,200000
133 1662721216 0,000000 58,000000 25,000000 25,000000 -20,200000
133 1662721217 0,000000 58,000000 25,000000 25,000000 -20,200000
133 1662721218 0,000000 58,000000 25,000000 25,000000 -20,200000
133 1662721219 0,006803 58,800000 25,400000 25,400000 -20,200000
133 1662721220 0,006803 58,800000 25,800000 25,800000 -20,200000
133 1662721221 0,006803 58,800000 26,200000 26,200000 -20,200000
133 1662721222 0,006803 58,800000 26,600000 26,600000 -20,200000
133 1662721223 0,006803 58,800000 27,000000 27,000000 -20,200000
133 1662721224 0,006623 60,400000 27,400000 27,400000 -20,200000
133 1662721225 0,006623 60,400000 27,800000 27,800000 -20,200000
133 1662721226 0,006623 60,400000 28,200000 28,200000 -20,200000
133 1662721227 0,006623 60,400000 28,600000 28,600000 -20,200000
133 1662721228 0,006623 60,400000 29,000000 29,000000 -20,200000
133 1662721229 0,019417 61,800000 30,200000 30,200000 -20,200000
133 1662721230 0,019417 61,800000 31,400000 31,400000 -20,200000
133 1662721231 0,019417 61,800000 32,600000 32,600000 -20,200000
133 1662721232 0,019417 61,800000 33,800000 33,800000 -20,200000
133 1662721233 0,019417 61,800000 35,000000 35,000000 -20,200000
133 1662721234 -0,021944 63,800000 33,600000 33,600000 -20,200000
133 1662721235 -0,021944 63,800000 32,200000 32,200000 -20,200000
133 1662721236 -0,021944 63,800000 30,800000 30,800000 -20,200000
133 1662721237 -0,021944 63,800000 29,400000 29,400000 -20,200000
133 1662721238 -0,021944 63,800000 28,000000 28,000000 -20,200000
133 1662721239 -0,006192 64,600000 27,600000 27,600000 -20,200000
133 1662721240 -0,006192 64,600000 27,200000 27,200000 -20,200000
133 1662721241 -0,006192 64,600000 26,800000 26,800000 -20,200000
133 1662721242 -0,006192 64,600000 26,400000 26,400000 -20,200000
133 1662721243 -0,006192 64,600000 26,000000 26,000000 -20,200000
133 1662721244 -0,015337 65,200000 25,000000 25,000000 -20,200000
133 1662721245 -0,015337 65,200000 24,000000 24,000000 -20,200000
133 1662721246 -0,015337 65,200000 23,000000 23,000000 -20,200000
133 1662721247 -0,015337 65,200000 22,000000 22,000000 -20,200000
133 1662721248 -0,015337 65,200000 21,000000 21,000000 -20,200000
133 1662721249 0,000000 65,200000 21,000000 21,000000 -20,200000
133 1662721250 0,000000 65,200000 21,000000 21,000000 -20,200000
133 1662721251 0,000000 65,200000 21,000000 21,000000 -20,200000
133 1662721252 0,000000 65,200000 21,000000 21,000000 -20,200000
133 1662721253 0,000000 65,200000 21,000000 21,000000 -20,200000
133 1662721254 0,009146 65,600000 21,600000 21,600000 -20,200000
133 1662721255 0,009146 65,600000 22,200000 22,200000 -20,200000
133 1662721256 0,009146 65,600000 22,800000 22,800000 -20,200000
133 1662721257 0,009146 65,600000 23,400000 23,400000 -20,200000
133 1662721258 0,009146 65,600000 24,000000 24,000000 -20,200000
133 1662721259 0,000000 66,400000 24,000000 24,000000 -20,200000
133 1662721260 0,000000 66,400000 24,000000 24,000000 -20,200000
133 1662721261 0,000000 66,400000 24,000000 24,000000 -20,200000
133 1662721262 0,000000 66,400000 24,000000 24,000000 -20,200000
133 1662721263 0,000000 66,400000 24,000000 24,000000 -20,200000
133 1662721264 -0,002985 67,000000 23,800000 23,800000 -20,200000
133 1662721265 -0,002985 67,000000 23,600000 23,600000 -20,200000
133 1662721266 -0,002985 67,000000 23,400000 23,400000 -20,200000
133 1662721267 -0,002985 67,000000 23,200000 23,200000 -20,200000
133 1662721268 -0,002985 67,000000 23,000000 23,000000 -20,200000
133 1662721269 -0,008876 67,600000 22,400000 22,400000 -20,200000
133 1662721270 -0,008876 67,600000 21,800000 21,800000 -20,200000
133 1662721271 -0,008876 67,600000 21,200000 21,200000 -20,200000
133 1662721272 -0,008876 67,600000 20,600000 20,600000 -20,200000
133 1662721273 -0,008876 67,600000 20,000000 20,000000 -20,200000
133 1662721274 0,014663 68,200000 21,000000 21,000000 -20,200000
133 1662721275 0,014663 68,200000 22,000000 22,000000 -20,200000
133 1662721276 0,014663 68,200000 23,000000 23,000000 -20,200000
133 1662721277 0,014663 68,200000 24,000000 24,000000 -20,200000
133 1662721278 0,014663 68,200000 25,000000 25,000000 -20,200000
133 1662721279 0,008746 68,600000 25,600000 25,600000 -20,200000
133 1662721280 0,008746 68,600000 26,200000 26,200000 -20,200000
133 1662721281 0,008746 68,600000 26,800000 26,800000 -20,200000
133 1662721282 0,008746 68,600000 27,400000 27,400000 -20,200000
133 1662721283 0,008746 68,600000 28,000000 28,000000 -20,200000
133 1662721284 -0,022989 69,600000 26,400000 26,400000 -20,200000
133 1662721285 -0,022989 69,600000 24,800000 24,800000 -20,200000
133 1662721286 -0,022989 69,600000 23,200000 23,200000 -20,200000
133 1662721287 -0,022989 69,600000 21,600000 21,600000 -20,200000
133 1662721288 -0,022989 69,600000 20,000000 20,000000 -20,200000
133 1662721289 0,011429 70,000000 20,800000 20,800000 -20,200000
133 1662721290 0,011429 70,000000 21,600000 21,600000 -20,200000
133 1662721291 0,011429 70,000000 22,400000 22,400000 -20,200000
133 1662721292 0,011429 70,000000 23,200000 23,200000 -20,200000
133 1662721293 0,011429 70,000000 24,000000 24,000000 -20,200000
133 1662721294 0,011299 70,800000 24,800000 24,800000 -20,200000
133 1662721295 0,011299 70,800000 25,600000 25,600000 -20,200000
133 1662721296 0,011299 70,800000 26,400000 26,400000 -20,200000
133 1662721297 0,011299 70,800000 27,200000 27,200000 -20,200000
133 1662721298 0,011299 70,800000 28,000000 28,000000 -20,200000
133 1662721299 -0,008333 72,000000 27,400000 27,400000 -20,200000
133 1662721300 -0,008333 72,000000 26,800000 26,800000 -20,200000
133 1662721301 -0,008333 72,000000 26,200000 26,200000 -20,200000
133 1662721302 -0,008333 72,000000 25,600000 25,600000 -20,200000
133 1662721303 -0,008333 72,000000 25,000000 25,000000 -20,200000
133 1662721304 -0,008242 72,800000 24,400000 24,400000 -20,200000
133 1662721305 -0,008242 72,800000 23,800000 23,800000 -20,200000
133 1662721306 -0,008242 72,800000 23,200000 23,200000 -20,200000
133 1662721307 -0,008242 72,800000 22,600000 22,600000 -20,200000
133 1662721308 -0,008242 72,800000 22,000000 22,000000 -20,200000
133 1662721309 -0,010929 73,200000 21,200000 21,200000 -20,200000
133 1662721310 -0,010929 73,200000 20,400000 20,400000 -20,200000
133 1662721311 -0,010929 73,200000 19,600000 19,600000 -20,200000
133 1662721312 -0,010929 73,200000 18,800000 18,800000 -20,200000
133 1662721313 -0,010929 73,200000 18,000000 18,000000 -20,200000
133 1662721314 0,016173 74,200000 19,200000 19,200000 -20,200000
133 1662721315 0,016173 74,200000 20,400000 20,400000 -20,200000
133 1662721316 0,016173 74,200000 21,600000 21,600000 -20,200000
133 1662721317 0,016173 74,200000 22,800000 22,800000 -20,200000
133 1662721318 0,016173 74,200000 24,000000 24,000000 -20,200000
133 1662721319 0,005348 74,800000 24,400000 24,400000 -20,200000
133 1662721320 0,005348 74,800000 24,800000 24,800000 -20,200000
133 1662721321 0,005348 74,800000 25,200000 25,200000 -20,200000
133 1662721383 -1,000000 0,200000 25,000000 25,000000 2040,208000
133 1662721382 -1,000000 0,200000 25,200000 25,200000 2040,208000
133 1662721381 -1,000000 0,200000 25,400000 25,400000 2040,208000
133 1662721380 -1,000000 0,200000 25,600000 25,600000 2040,208000
133 1662721379 -1,000000 0,200000 25,800000 25,800000 2040,208000
133 1662721378 3,000000 0,200000 26,000000 26,000000 2040,272000
133 1662721377 3,000000 0,200000 25,400000 25,400000 2040,272000
133 1662721376 3,000000 0,200000 24,800000 24,800000 2040,272000
133 1662721375 3,000000 0,200000 24,200000 24,200000 2040,272000
133 1662721374 3,000000 0,200000 23,600000 23,600000 2040,272000
133 1662721373 -2,000000 0,200000 23,000000 23,000000 2040,232000
133 1662721372 -2,000000 0,200000 23,400000 23,400000 2040,232000
133 1662721371 -2,000000 0,200000 23,800000 23,800000 2040,232000
133 1662721370 -2,000000 0,200000 24,200000 24,200000 2040,232000
133 1662721369 -2,000000 0,200000 24,600000 24,600000 2040,232000
133 1662721368 -1,000000 0,200000 25,000000 25,000000 2040,208000
133 1662721367 -1,000000 0,200000 25,200000 25,200000 2040,208000
133 1662721366 -1,000000 0,200000 25,400000 25,400000 2040,208000
133 1662721365 -1,000000 0,200000 25,600000 25,600000 2040,208000
133 1662721364 -1,000000 0,200000 25,800000 25,800000 2040,208000
133 1662721363 0,000000 0,200000 26,000000 26,000000 2040,200000
133 1662721362 0,000000 0,200000 26,000000 26,000000 2040,200000
133 1662721361 0,000000 0,200000 26,000000 26,000000 2040,200000
133 1662721360 0,000000 0,200000 26,000000 26,000000 2040,200000
133 1662721359 0,000000 0,200000 26,000000 26,000000 2040,200000
133 1662721358 3,000000 0,200000 26,000000 26,000000 2040,272000
133 1662721357 3,000000 0,200000 25,400000 25,400000 2040,272000
133 1662721356 3,000000 0,200000 24,800000 24,800000 2040,272000
133 1662721355 3,000000 0,200000 24,200000 24,200000 2040,272000
133 1662721354 3,000000 0,200000 23,600000 23,600000 2040,272000
133 1662721353 7,000000 0,200000 23,000000 23,000000 2040,592000
133 1662721352 7,000000 0,200000 21,600000 21,600000 2040,592000
133 1662721351 7,000000 0,200000 20,200000 20,200000 2040,592000
133 1662721350 7,000000 0,200000 18,800000 18,800000 2040,592000
133 1662721349 7,000000 0,200000 17,400000 17,400000 2040,592000
133 1662721348 -4,000000 0,200000 16,000000 16,000000 2040,328000
133 1662721347 -4,000000 0,200000 16,800000 16,800000 2040,328000
133 1662721346 -4,000000 0,200000 17,600000 17,600000 2040,328000
133 1662721345 -4,000000 0,200000 18,400000 18,400000 2040,328000
133 1662721344 -4,000000 0,200000 19,200000 19,200000 2040,328000
133 1662721343 -3,000000 0,200000 20,000000 20,000000 2040,272000
133 1662721342 -3,000000 0,200000 20,600000 20,600000 2040,272000
133 1662721341 -3,000000 0,200000 21,200000 21,200000 2040,272000
133 1662721340 -3,000000 0,200000 21,800000 21,800000 2040,272000
133 1662721339 -3,000000 0,200000 22,400000 22,400000 2040,272000
133 1662721338 -12,000000 0,200000 23,000000 23,000000 2041,352000
133 1662721337 -12,000000 0,200000 25,400000 25,400000 2041,352000
133 1662721336 -12,000000 0,200000 27,800000 27,800000 2041,352000
133 1662721335 -12,000000 0,200000 30,200000 30,200000 2041,352000
133 1662721334 -12,000000 0,200000 32,600000 32,600000 2041,352000
133 1662721333 6,000000 0,200000 35,000000 35,000000 2040,488000
133 1662721332 6,000000 0,200000 33,800000 33,800000 2040,488000
133 1662721331 6,000000 0,200000 32,600000 32,600000 2040,488000
133 1662721330 6,000000 0,200000 31,400000 31,400000 2040,488000
133 1662721329 6,000000 0,200000 30,200000 30,200000 2040,488000
133 1662721328 3,000000 0,200000 29,000000 29,000000 2040,272000
133 1662721327 3,000000 0,200000 28,400000 28,400000 2040,272000
133 1662721326 3,000000 0,200000 27,800000 27,800000 2040,272000
133 1662721325 3,000000 0,200000 27,200000 27,200000 2040,272000
133 1662721324 3,000000 0,200000 26,600000 26,600000 2040,272000
133 1662721323 2,000000 0,200000 26,000000 26,000000 2040,232000
133 1662721322 2,000000 0,200000 25,600000 25,600000 2040,232000
133 1662721322 0,005348 74,800000 25,600000 25,600000 -20,200000
133 1662721323 0,005348 74,800000 26,000000 26,000000 -20,200000
133 1662721324 0,007958 75,400000 26,600000 26,600000 -20,200000
133 1662721325 0,007958 75,400000 27,200000 27,200000 -20,200000
133 1662721326 0,007958 75,400000 27,800000 27,800000 -20,200000
133 1662721327 0,007958 75,400000 28,400000 28,400000 -20,200000
133 1662721328 0,007958 75,400000 29,000000 29,000000 -20,200000
133 1662721329 0,015789 76,000000 30,200000 30,200000 -20,200000
133 1662721330 0,015789 76,000000 31,400000 31,400000 -20,200000
133 1662721331 0,015789 76,000000 32,600000 32,600000 -20,200000
133 1662721332 0,015789 76,000000 33,800000 33,800000 -20,200000
133 1662721333 0,015789 76,000000 35,000000 35,000000 -20,200000
133 1662721334 -0,031008 77,400000 32,600000 32,600000 -20,200000
133 1662721335 -0,031008 77,400000 30,200000 30,200000 -20,200000
133 1662721336 -0,031008 77,400000 27,800000 27,800000 -20,200000
133 1662721337 -0,031008 77,400000 25,400000 25,400000 -20,200000
133 1662721338 -0,031008 77,400000 23,000000 23,000000 -20,200000
133 1662721339 -0,007712 77,800000 22,400000 22,400000 -20,200000
133 1662721340 -0,007712 77,800000 21,800000 21,800000 -20,200000
133 1662721341 -0,007712 77,800000 21,200000 21,200000 -20,200000
133 1662721342 -0,007712 77,800000 20,600000 20,600000 -20,200000
133 1662721343 -0,007712 77,800000 20,000000 20,000000 -20,200000
133 1662721344 -0,010204 78,400000 19,200000 19,200000 -20,200000
133 1662721345 -0,010204 78,400000 18,400000 18,400000 -20,200000
133 1662721346 -0,010204 78,400000 17,600000 17,600000 -20,200000
133 1662721347 -0,010204 78,400000 16,800000 16,800000 -20,200000
133 1662721348 -0,010204 78,400000 16,000000 16,000000 -20,200000
133 1662721349 0,017677 79,200000 17,400000 17,400000 -20,200000
133 1662721350 0,017677 79,200000 18,800000 18,800000 -20,200000
133 1662721351 0,017677 79,200000 20,200000 20,200000 -20,200000
133 1662721352 0,017677 79,200000 21,600000 21,600000 -20,200000
133 1662721353 0,017677 79,200000 23,000000 23,000000 -20,200000
133 1662721354 0,007538 79,600000 23,600000 23,600000 -20,200000
133 1662721355 0,007538 79,600000 24,200000 24,200000 -20,200000
133 1662721356 0,007538 79,600000 24,800000 24,800000 -20,200000
133 1662721357 0,007538 79,600000 25,400000 25,400000 -20,200000
133 1662721358 0,007538 79,600000 26,000000 26,000000 -20,200000
133 1662721359 0,000000 80,400000 26,000000 26,000000 -20,200000
133 1662721360 0,000000 80,400000 26,000000 26,000000 -20,200000
133 1662721361 0,000000 80,400000 26,000000 26,000000 -20,200000
133 1662721362 0,000000 80,400000 26,000000 26,000000 -20,200000
133 1662721363 0,000000 80,400000 26,000000 26,000000 -20,200000
133 1662721364 -0,002475 80,800000 25,800000 25,800000 -20,200000
133 1662721365 -0,002475 80,800000 25,600000 25,600000 -20,200000
133 1662721366 -0,002475 80,800000 25,400000 25,400000 -20,200000
133 1662721367 -0,002475 80,800000 25,200000 25,200000 -20,200000
133 1662721368 -0,002475 80,800000 25,000000 25,000000 -20,200000
133 1662721369 -0,004914 81,400000 24,600000 24,600000 -20,200000
133 1662721370 -0,004914 81,400000 24,200000 24,200000 -20,200000
133 1662721371 -0,004914 81,400000 23,800000 23,800000 -20,200000
133 1662721372 -0,004914 81,400000 23,400000 23,400000 -20,200000
133 1662721373 -0,004914 81,400000 23,000000 23,000000 -20,200000
133 1662721374 0,007264 82,600000 23,600000 23,600000 -20,200000
133 1662721375 0,007264 82,600000 24,200000 24,200000 -20,200000
133 1662721376 0,007264 82,600000 24,800000 24,800000 -20,200000
133 1662721377 0,007264 82,600000 25,400000 25,400000 -20,200000
133 1662721378 0,007264 82,600000 26,000000 26,000000 -20,200000
133 1662721379 -0,002387 83,800000 25,800000 25,800000 -20,200000
133 1662721380 -0,002387 83,800000 25,600000 25,600000 -20,200000
133 1662721381 -0,002387 83,800000 25,400000 25,400000 -20,200000
133 1662721382 -0,002387 83,800000 25,200000 25,200000 -20,200000
133 1662721383 -0,002387 83,800000 25,000000 25,000000 -20,200000
133 1662721384 0,007042 85,200000 25,600000 25,600000 -20,200000
133 1662721385 0,007042 85,200000 26,200000 26,200000 -20,200000
133 1662721386 0,007042 85,200000 26,800000 26,800000 -20,200000
133 1662721387 0,007042 85,200000 27,400000 27,400000 -20,200000
133 1662721388 0,007042 85,200000 28,000000 28,000000 -20,200000
133 1662721389 0,004662 85,800000 28,400000 28,400000 -20,200000
133 1662721390 0,004662 85,800000 28,800000 28,800000 -20,200000
133 1662721391 0,004662 85,800000 29,200000 29,200000 -20,200000
133 1662721392 0,004662 85,800000 29,600000 29,600000 -20,200000
133 1662721393 0,004662 85,800000 30,000000 30,000000 -20,200000
133 1662721394 -0,011547 86,600000 29,000000 29,000000 -20,200000
133 1662721395 -0,011547 86,600000 28,000000 28,000000 -20,200000
133 1662721396 -0,011547 86,600000 27,000000 27,000000 -20,200000
133 1662721397 -0,011547 86,600000 26,000000 26,000000 -20,200000
133 1662721398 -0,011547 86,600000 25,000000 25,000000 -20,200000
133 1662721399 -0,004608 86,800000 24,600000 24,600000 -20,200000
133 1662721400 -0,004608 86,800000 24,200000 24,200000 -20,200000
133 1662721401 -0,004608 86,800000 23,800000 23,800000 -20,200000
133 1662721402 -0,004608 86,800000 23,400000 23,400000 -20,200000
133 1662721403 -0,004608 86,800000 23,000000 23,000000 -20,200000
133 1662721404 -0,004587 87,200000 22,600000 22,600000 -20,200000
133 1662721405 -0,004587 87,200000 22,200000 22,200000 -20,200000
133 1662721406 -0,004587 87,200000 21,800000 21,800000 -20,200000
133 1662721407 -0,004587 87,200000 21,400000 21,400000 -20,200000
133 1662721408 -0,004587 87,200000 21,000000 21,000000 -20,200000
133 1662721409 -0,004556 87,800000 20,600000 20,600000 -20,200000
133 1662721410 -0,004556 87,800000 20,200000 20,200000 -20,200000
133 1662721411 -0,004556 87,800000 19,800000 19,800000 -20,200000
133 1662721412 -0,004556 87,800000 19,400000 19,400000 -20,200000
133 1662721413 -0,004556 87,800000 19,000000 19,000000 -20,200000
133 1662721414 0,011287 88,600000 20,000000 20,000000 -20,200000
133 1662721415 0,011287 88,600000 21,000000 21,000000 -20,200000
133 1662721416 0,011287 88,600000 22,000000 22,000000 -20,200000
133 1662721417 0,011287 88,600000 23,000000 23,000000 -20,200000
133 1662721418 0,011287 88,600000 24,000000 24,000000 -20,200000
133 1662721419 0,004464 89,600000 24,400000 24,400000 -20,200000
133 1662721420 0,004464 89,600000 24,800000 24,800000 -20,200000
133 1662721421 0,004464 89,600000 25,200000 25,200000 -20,200000
133 1662721422 0,004464 89,600000 25,600000 25,600000 -20,200000
133 1662721423 0,004464 89,600000 26,000000 26,000000 -20,200000
133 1662721424 0,006637 90,400000 26,600000 26,600000 -20,200000
133 1662721425 0,006637 90,400000 27,200000 27,200000 -20,200000
133 1662721426 0,006637 90,400000 27,800000 27,800000 -20,200000
133 1662721427 0,006637 90,400000 28,400000 28,400000 -20,200000
133 1662721428 0,006637 90,400000 29,000000 29,000000 -20,200000
133 1662721429 -0,004386 91,200000 28,600000 28,600000 -20,200000
133 1662721430 -0,004386 91,200000 28,200000 28,200000 -20,200000
133 1662721431 -0,004386 91,200000 27,800000 27,800000 -20,200000
133 1662721432 -0,004386 91,200000 27,400000 27,400000 -20,200000
133 1662721433 -0,004386 91,200000 27,000000 27,000000 -20,200000
133 1662721434 -0,006536 91,800000 26,400000 26,400000 -20,200000
133 1662721435 -0,006536 91,800000 25,800000 25,800000 -20,200000
133 1662721436 -0,006536 91,800000 25,200000 25,200000 -20,200000
133 1662721437 -0,006536 91,800000 24,600000 24,600000 -20,200000
133 1662721438 -0,006536 91,800000 24,000000 24,000000 -20,200000
133 1662721439 0,006479 92,600000 24,600000 24,600000 -20,200000
133 1662721440 0,006479 92,600000 25,200000 25,200000 -20,200000
133 1662721441 0,006479 92,600000 25,800000 25,800000 -20,200000
133 1662721442 0,006479 92,600000 26,400000 26,400000 -20,200000
133 1662721443 0,006479 92,600000 27,000000 27,000000 -20,200000
133 1662721444 0,002128 94,000000 27,200000 27,200000 -20,200000
133 1662721445 0,002128 94,000000 27,400000 27,400000 -20,200000
133 1662721446 0,002128 94,000000 27,600000 27,600000 -20,200000
133 1662721447 0,002128 94,000000 27,800000 27,800000 -20,200000
133 1662721448 0,002128 94,000000 28,000000 28,000000 -20,200000
133 1662721449 -0,006356 94,400000 27,400000 27,400000 -20,200000
133 1662721450 -0,006356 94,400000 26,800000 26,800000 -20,200000
133 1662721451 -0,006356 94,400000 26,200000 26,200000 -20,200000
133 1662721452 -0,006356 94,400000 25,600000 25,600000 -20,200000
133 1662721453 -0,006356 94,400000 25,000000 25,000000 -20,200000
133 1662721454 -0,010504 95,200000 24,000000 24,000000 -20,200000
133 1662721455 -0,010504 95,200000 23,000000 23,000000 -20,200000
133 1662721456 -0,010504 95,200000 22,000000 22,000000 -20,200000
133 1662721457 -0,010504 95,200000 21,000000 21,000000 -20,200000
133 1662721458 -0,010504 95,200000 20,000000 20,000000 -20,200000
133 1662721459 0,010417 96,000000 21,000000 21,000000 -20,200000
133 1662721460 0,010417 96,000000 22,000000 22,000000 -20,200000
133 1662721461 0,010417 96,000000 23,000000 23,000000 -20,200000
133 1662721462 0,010417 96,000000 24,000000 24,000000 -20,200000
133 1662721463 0,010417 96,000000 25,000000 25,000000 -20,200000
133 1662721464 -0,002075 96,400000 24,800000 24,800000 -20,200000
133 1662721465 -0,002075 96,400000 24,600000 24,600000 -20,200000
133 1662721466 -0,002075 96,400000 24,400000 24,400000 -20,200000
133 1662721467 -0,002075 96,400000 24,200000 24,200000 -20,200000
133 1662721468 -0,002075 96,400000 24,000000 24,000000 -20,200000
133 1662721469 -0,006186 97,000000 23,400000 23,400000 -20,200000
133 1662721470 -0,006186 97,000000 22,800000 22,800000 -20,200000
133 1662721471 -0,006186 97,000000 22,200000 22,200000 -20,200000
133 1662721472 -0,006186 97,000000 21,600000 21,600000 -20,200000
133 1662721473 -0,006186 97,000000 21,000000 21,000000 -20,200000
133 1662721474 0,010267 97,400000 22,000000 22,000000 -20,200000
133 1662721475 0,010267 97,400000 23,000000 23,000000 -20,200000
133 1662721476 0,010267 97,400000 24,000000 24,000000 -20,200000
133 1662721477 0,010267 97,400000 25,000000 25,000000 -20,200000
133 1662721478 0,010267 97,400000 26,000000 26,000000 -20,200000
133 1662721479 0,004073 98,200000 26,400000 26,400000 -20,200000
133 1662721480 0,004073 98,200000 26,800000 26,800000 -20,200000
133 1662721481 0,004073 98,200000 27,200000 27,200000 -20,200000
133 1662721482 0,004073 98,200000 27,600000 27,600000 -20,200000
133 1662721483 0,004073 98,200000 28,000000 28,000000 -20,200000
133 1662721484 -0,014085 99,400000 26,600000 26,600000 -20,200000
133 1662721485 -0,014085 99,400000 25,200000 25,200000 -20,200000
133 1662721486 -0,014085 99,400000 23,800000 23,800000 -20,200000
133 1662721487 -0,014085 99,400000 22,400000 22,400000 -20,200000
133 1662721488 -0,014085 99,400000 21,000000 21,000000 -20,200000
133 1662721489 -0,006024 99,600000 20,400000 20,400000 -20,200000
133 1662721490 -0,006024 99,600000 19,800000 19,800000 -20,200000
133 1662721491 -0,006024 99,600000 19,200000 19,200000 -20,200000
133 1662721492 -0,006024 99,600000 18,600000 18,600000 -20,200000
133 1662721493 -0,006024 99,600000 18,000000 18,000000 -20,200000
133 1662721494 0,000000 100,000000 18,000000 18,000000 -20,200000
133 1662721495 0,000000 100,000000 18,000000 18,000000 -20,200000
133 1662721496 0,000000 100,000000 18,000000 18,000000 -20,200000
133 1662721497 0,000000 100,000000 18,000000 18,000000 -20,200000
133 1662721498 0,000000 100,000000 18,000000 18,000000 -20,200000
133 1662721499 0,019841 100,800000 20,000000 20,000000 -20,200000
133 1662721500 0,019841 100,800000 22,000000 22,000000 -20,200000
133 1662721501 0,019841 100,800000 24,000000 24,000000 -20,200000
133 1662721502 0,019841 100,800000 26,000000 26,000000 -20,200000
133 1662721503 0,019841 100,800000 28,000000 28,000000 -20,200000
133 1662721504 0,000000 102,000000 28,000000 28,000000 -20,200000
133 1662721505 0,000000 102,000000 28,000000 28,000000 -20,200000
133 1662721506 0,000000 102,000000 28,000000 28,000000 -20,200000
133 1662721507 0,000000 102,000000 28,000000 28,000000 -20,200000
133 1662721508 0,000000 102,000000 28,000000 28,000000 -20,200000
133 1662721509 0,000000 102,400000 28,000000 28,000000 -20,200000
133 1662721510 0,000000 102,400000 28,000000 28,000000 -20,200000
133 1662721511 0,000000 102,400000 28,000000 28,000000 -20,200000
133 1662721512 0,000000 102,400000 28,000000 28,000000 -20,200000
133 1662721513 0,000000 102,400000 28,000000 28,000000 -20,200000
133 1662721514 0,003883 103,000000 28,400000 28,400000 -20,200000
133 1662721515 0,003883 103,000000 28,800000 28,800000 -20,200000
133 1662721516 0,003883 103,000000 29,200000 29,200000 -20,200000
133 1662721517 0,003883 103,000000 29,600000 29,600000 -20,200000
133 1662721518 0,003883 103,000000 30,000000 30,000000 -20,200000
133 1662721519 -0,005758 104,200000 29,400000 29,400000 -20,200000
133 1662721520 -0,005758 104,200000 28,800000 28,800000 -20,200000
133 1662721521 -0,005758 104,200000 28,200000 28,200000 -20,200000
133 1662721522 -0,005758 104,200000 27,600000 27,600000 -20,200000
133 1662721523 -0,005758 104,200000 27,000000 27,000000 -20,200000
133 1662721524 -0,003810 105,000000 26,600000 26,600000 -20,200000
133 1662721525 -0,003810 105,000000 26,200000 26,200000 -20,200000
133 1662721526 -0,003810 105,000000 25,800000 25,800000 -20,200000
133 1662721527 -0,003810 105,000000 25,400000 25,400000 -20,200000
133 1662721528 -0,003810 105,000000 25,000000 25,000000 -20,200000
133 1662721529 -0,007533 106,200000 24,200000 24,200000 -20,200000
133 1662721530 -0,007533 106,200000 23,400000 23,400000 -20,200000
133 1662721531 -0,007533 106,200000 22,600000 22,600000 -20,200000
133 1662721532 -0,007533 106,200000 21,800000 21,800000 -20,200000
133 1662721533 -0,007533 106,200000 21,000000 21,000000 -20,200000
133 1662721534 0,000000 107,200000 21,000000 21,000000 -20,200000
133 1662721535 0,000000 107,200000 21,000000 21,000000 -20,200000
133 1662721536 0,000000 107,200000 21,000000 21,000000 -20,200000
133 1662721537 0,000000 107,200000 21,000000 21,000000 -20,200000
133 1662721538 0,000000 107,200000 21,000000 21,000000 -20,200000
133 1662721539 0,005576 107,600000 21,600000 21,600000 -20,200000
133 1662721540 0,005576 107,600000 22,200000 22,200000 -20,200000
133 1662721541 0,005576 107,600000 22,800000 22,800000 -20,200000
133 1662721542 0,005576 107,600000 23,400000 23,400000 -20,200000
133 1662721543 0,005576 107,600000 24,000000 24,000000 -20,200000
133 1662721544 0,003697 108,200000 24,400000 24,400000 -20,200000
133 1662721545 0,003697 108,200000 24,800000 24,800000 -20,200000
133 1662721546 0,003697 108,200000 25,200000 25,200000 -20,200000
133 1662721547 0,003697 108,200000 25,600000 25,600000 -20,200000
133 1662721548 0,003697 108,200000 26,000000 26,000000 -20,200000
133 1662721549 -0,003690 108,400000 25,600000 25,600000 -20,200000
133 1662721550 -0,003690 108,400000 25,200000 25,200000 -20,200000
133 1662721551 -0,003690 108,400000 24,800000 24,800000 -20,200000
133 1662721552 -0,003690 108,400000 24,400000 24,400000 -20,200000
133 1662721553 -0,003690 108,400000 24,000000 24,000000 -20,200000
133 1662721554 -0,005505 109,000000 23,400000 23,400000 -20,200000
133 1662721555 -0,005505 109,000000 22,800000 22,800000 -20,200000
133 1662721556 -0,005505 109,000000 22,200000 22,200000 -20,200000
133 1662721557 -0,005505 109,000000 21,600000 21,600000 -20,200000
133 1662721558 -0,005505 109,000000 21,000000 21,000000 -20,200000
133 1662721559 0,000000 109,400000 21,000000 21,000000 -20,200000
133 1662721560 0,000000 109,400000 21,000000 21,000000 -20,200000
133 1662721561 0,000000 109,400000 21,000000 21,000000 -20,200000
133 1662721562 0,000000 109,400000 21,000000 21,000000 -20,200000
133 1662721563 0,000000 109,400000 21,000000 21,000000 -20,200000
133 1662721564 -0,003623 110,400000 20,600000 20,600000 -20,200000
133 1662721565 -0,003623 110,400000 20,200000 20,200000 -20,200000
133 1662721566 -0,003623 110,400000 19,800000 19,800000 -20,200000
133 1662721567 -0,003623 110,400000 19,400000 19,400000 -20,200000
133 1662721568 -0,003623 110,400000 19,000000 19,000000 -20,200000
133 1662721569 0,010791 111,200000 20,200000 20,200000 -20,200000
133 1662721570 0,010791 111,200000 21,400000 21,400000 -20,200000
133 1662721571 0,010791 111,200000 22,600000 22,600000 -20,200000
133 1662721572 0,010791 111,200000 23,800000 23,800000 -20,200000
133 1662721573 0,010791 111,200000 25,000000 25,000000 -20,200000
133 1662721574 0,010714 112,000000 26,200000 26,200000 -20,200000
133 1662721575 0,010714 112,000000 27,400000 27,400000 -20,200000
133 1662721576 0,010714 112,000000 28,600000 28,600000 -20,200000
133 1662721577 0,010714 112,000000 29,800000 29,800000 -20,200000
133 1662721578 0,010714 112,000000 31,000000 31,000000 -20,200000
133 1662721579 0,003546 112,800000 31,400000 31,400000 -20,200000
133 1662721580 0,003546 112,800000 31,800000 31,800000 -20,200000
133 1662721581 0,003546 112,800000 32,200000 32,200000 -20,200000
133 1662721582 0,003546 112,800000 32,600000 32,600000 -20,200000
133 1662721583 0,003546 112,800000 33,000000 33,000000 -20,200000
133 1662721584 -0,010545 113,800000 31,800000 31,800000 -20,200000
133 1662721585 -0,010545 113,800000 30,600000 30,600000 -20,200000
133 1662721586 -0,010545 113,800000 29,400000 29,400000 -20,200000
133 1662721587 -0,010545 113,800000 28,200000 28,200000 -20,200000
133 1662721588 -0,010545 113,800000 27,000000 27,000000 -20,200000
133 1662721589 -0,003484 114,800000 26,600000 26,600000 -20,200000
133 1662721590 -0,003484 114,800000 26,200000 26,200000 -20,200000
133 1662721591 -0,003484 114,800000 25,800000 25,800000 -20,200000
133 1662721592 -0,003484 114,800000 25,400000 25,400000 -20,200000
133 1662721593 -0,003484 114,800000 25,000000 25,000000 -20,200000
133 1662721594 -0,006920 115,600000 24,200000 24,200000 -20,200000
133 1662721595 -0,006920 115,600000 23,400000 23,400000 -20,200000
133 1662721596 -0,006920 115,600000 22,600000 22,600000 -20,200000
133 1662721597 -0,006920 115,600000 21,800000 21,800000 -20,200000
133 1662721598 -0,006920 115,600000 21,000000 21,000000 -20,200000
133 1662721599 -0,001718 116,400000 20,800000 20,800000 -20,200000
133 1662721600 -0,001718 116,400000 20,600000 20,600000 -20,200000
133 1662721601 -0,001718 116,400000 20,400000 20,400000 -20,200000
133 1662721602 -0,001718 116,400000 20,200000 20,200000 -20,200000
133 1662721603 -0,001718 116,400000 20,000000 20,000000 -20,200000
133 1662721604 0,006826 117,200000 20,800000 20,800000 -20,200000
133 1662721605 0,006826 117,200000 21,600000 21,600000 -20,200000
133 1662721606 0,006826 117,200000 22,400000 22,400000 -20,200000
133 1662721607 0,006826 117,200000 23,200000 23,200000 -20,200000
133 1662721608 0,006826 117,200000 24,000000 24,000000 -20,200000
133 1662721609 0,008460 118,200000 25,000000 25,000000 -20,200000
133 1662721610 0,008460 118,200000 26,000000 26,000000 -20,200000
133 1662721611 0,008460 118,200000 27,000000 27,000000 -20,200000
133 1662721612 0,008460 118,200000 28,000000 28,000000 -20,200000
133 1662721613 0,008460 118,200000 29,000000 29,000000 -20,200000
133 1662721614 -0,008432 118,600000 28,000000 28,000000 -20,200000
133 1662721615 -0,008432 118,600000 27,000000 27,000000 -20,200000
133 1662721616 -0,008432 118,600000 26,000000 26,000000 -20,200000
133 1662721617 -0,008432 118,600000 25,000000 25,000000 -20,200000
133 1662721618 -0,008432 118,600000 24,000000 24,000000 -20,200000
133 1662721619 -0,005051 118,800000 23,400000 23,400000 -20,200000
133 1662721620 -0,005051 118,800000 22,800000 22,800000 -20,200000
133 1662721621 -0,005051 118,800000 22,200000 22,200000 -20,200000
133 1662721622 -0,005051 118,800000 21,600000 21,600000 -20,200000
133 1662721623 -0,005051 118,800000 21,000000 21,000000 -20,200000
133 1662721624 0,010050 119,400000 22,200000 22,200000 -20,200000
133 1662721625 0,010050 119,400000 23,400000 23,400000 -20,200000
133 1662721626 0,010050 119,400000 24,600000 24,600000 -20,200000
133 1662721627 0,010050 119,400000 25,800000 25,800000 -20,200000
133 1662721628 0,010050 119,400000 27,000000 27,000000 -20,200000
133 1662721629 0,003322 120,400000 27,400000 27,400000 -20,200000
133 1662721630 0,003322 120,400000 27,800000 27,800000 -20,200000
133 1662721631 0,003322 120,400000 28,200000 28,200000 -20,200000
133 1662721632 0,003322 120,400000 28,600000 28,600000 -20,200000
133 1662721633 0,003322 120,400000 29,000000 29,000000 -20,200000
133 1662721634 -0,013201 121,200000 27,400000 27,400000 -20,200000
133 1662721635 -0,013201 121,200000 25,800000 25,800000 -20,200000
133 1662721636 -0,013201 121,200000 24,200000 24,200000 -20,200000
133 1662721637 -0,013201 121,200000 22,600000 22,600000 -20,200000
133 1662721638 -0,013201 121,200000 21,000000 21,000000 -20,200000
133 1662721639 0,000000 121,600000 21,000000 21,000000 -20,200000
133 1662721640 0,000000 121,600000 21,000000 21,000000 -20,200000
133 1662721641 0,000000 121,600000 21,000000 21,000000 -20,200000
133 1662721642 0,000000 121,600000 21,000000 21,000000 -20,200000
133 1662721643 0,000000 121,600000 21,000000 21,000000 -20,200000
133 1662721644 0,006536 122,400000 21,800000 21,800000 -20,200000
133 1662721645 0,006536 122,400000 22,600000 22,600000 -20,200000
133 1662721646 0,006536 122,400000 23,400000 23,400000 -20,200000
133 1662721647 0,006536 122,400000 24,200000 24,200000 -20,200000
133 1662721648 0,006536 122,400000 25,000000 25,000000 -20,200000
133 1662721649 0,001629 122,800000 25,200000 25,200000 -20,200000
133 1662721650 0,001629 122,800000 25,400000 25,400000 -20,200000
133 1662721651 0,001629 122,800000 25,600000 25,600000 -20,200000
133 1662721652 0,001629 122,800000 25,800000 25,800000 -20,200000
133 1662721653 0,001629 122,800000 26,000000 26,000000 -20,200000
133 1662721654 -0,003236 123,600000 25,600000 25,600000 -20,200000
133 1662721655 -0,003236 123,600000 25,200000 25,200000 -20,200000
133 1662721656 -0,003236 123,600000 24,800000 24,800000 -20,200000
133 1662721657 -0,003236 123,600000 24,400000 24,400000 -20,200000
133 1662721658 -0,003236 123,600000 24,000000 24,000000 -20,200000
133 1662721659 0,003205 124,800000 24,400000 24,400000 -20,200000
133 1662721660 0,003205 124,800000 24,800000 24,800000 -20,200000
133 1662721661 0,003205 124,800000 25,200000 25,200000 -20,200000
133 1662721662 0,003205 124,800000 25,600000 25,600000 -20,200000
133 1662721663 0,003205 124,800000 26,000000 26,000000 -20,200000
133 1662721664 0,003180 125,800000 26,400000 26,400000 -20,200000
133 1662721665 0,003180 125,800000 26,800000 26,800000 -20,200000
133 1662721666 0,003180 125,800000 27,200000 27,200000 -20,200000
133 1662721667 0,003180 125,800000 27,600000 27,600000 -20,200000
133 1662721668 0,003180 125,800000 28,000000 28,000000 -20,200000
133 1662721669 -0,004717 127,200000 27,400000 27,400000 -20,200000
133 1662721670 -0,004717 127,200000 26,800000 26,800000 -20,200000
133 1662721671 -0,004717 127,200000 26,200000 26,200000 -20,200000
133 1662721672 -0,004717 127,200000 25,600000 25,600000 -20,200000
133 1662721673 -0,004717 127,200000 25,000000 25,000000 -20,200000
133 1662721674 -0,006250 128,000000 24,200000 24,200000 -20,200000
133 1662721675 -0,006250 128,000000 23,400000 23,400000 -20,200000
133 1662721676 -0,006250 128,000000 22,600000 22,600000 -20,200000
133 1662721677 -0,006250 128,000000 21,800000 21,800000 -20,200000
133 1662721678 -0,006250 128,000000 21,000000 21,000000 -20,200000
133 1662721679 0,000000 128,400000 21,000000 21,000000 -20,200000
133 1662721680 0,000000 128,400000 21,000000 21,000000 -20,200000
133 1662721681 0,000000 128,400000 21,000000 21,000000 -20,200000
133 1662721682 0,000000 128,400000 21,000000 21,000000 -20,200000
133 1662721683 0,000000 128,400000 21,000000 21,000000 -20,200000
133 1662721684 0,001548 129,200000 21,200000 21,200000 -20,200000
133 1662721685 0,001548 129,200000 21,400000 21,400000 -20,200000
133 1662721686 0,001548 129,200000 21,600000 21,600000 -20,200000
133 1662721687 0,001548 129,200000 21,800000 21,800000 -20,200000
133 1662721688 0,001548 129,200000 22,000000 22,000000 -20,200000
133 1662721689 0,003082 129,800000 22,400000 22,400000 -20,200000
133 1662721690 0,003082 129,800000 22,800000 22,800000 -20,200000
133 1662721691 0,003082 129,800000 23,200000 23,200000 -20,200000
133 1662721692 0,003082 129,800000 23,600000 23,600000 -20,200000
133 1662721693 0,003082 129,800000 24,000000 24,000000 -20,200000
133 1662721694 0,003077 130,000000 24,400000 24,400000 -20,200000
133 1662721695 0,003077 130,000000 24,800000 24,800000 -20,200000
133 1662721696 0,003077 130,000000 25,200000 25,200000 -20,200000
133 1662721697 0,003077 130,000000 25,600000 25,600000 -20,200000
133 1662721698 0,003077 130,000000 26,000000 26,000000 -20,200000
133 1662721699 0,000000 130,400000 26,000000 26,000000 -20,200000
133 1662721700 0,000000 130,400000 26,000000 26,000000 -20,200000
133 1662721701 0,000000 130,400000 26,000000 26,000000 -20,200000
133 1662721702 0,000000 130,400000 26,000000 26,000000 -20,200000
133 1662721703 0,000000 130,400000 26,000000 26,000000 -20,200000
133 1662721704 -0,004580 131,000000 25,400000 25,400000 -20,200000
133 1662721705 -0,004580 131,000000 24,800000 24,800000 -20,200000
133 1662721706 -0,004580 131,000000 24,200000 24,200000 -20,200000
133 1662721707 -0,004580 131,000000 23,600000 23,600000 -20,200000
133 1662721708 -0,004580 131,000000 23,000000 23,000000 -20,200000
133 1662721709 -0,004566 131,400000 22,400000 22,400000 -20,200000
133 1662721710 -0,004566 131,400000 21,800000 21,800000 -20,200000
133 1662721711 -0,004566 131,400000 21,200000 21,200000 -20,200000
133 1662721712 -0,004566 131,400000 20,600000 20,600000 -20,200000
133 1662721713 -0,004566 131,400000 20,000000 20,000000 -20,200000
133 1662721714 -0,003026 132,200000 19,600000 19,600000 -20,200000
133 1662721715 -0,003026 132,200000 19,200000 19,200000 -20,200000
133 1662721716 -0,003026 132,200000 18,800000 18,800000 -20,200000
133 1662721717 -0,003026 132,200000 18,400000 18,400000 -20,200000
133 1662721718 -0,003026 132,200000 18,000000 18,000000 -20,200000
133 1662721719 0,010526 133,000000 19,400000 19,400000 -20,200000
133 1662721720 0,010526 133,000000 20,800000 20,800000 -20,200000
133 1662721721 0,010526 133,000000 22,200000 22,200000 -20,200000
133 1662721722 0,010526 133,000000 23,600000 23,600000 -20,200000
133 1662721723 0,010526 133,000000 25,000000 25,000000 -20,200000
133 1662721724 0,011923 134,200000 26,600000 26,600000 -20,200000
133 1662721725 0,011923 134,200000 28,200000 28,200000 -20,200000
133 1662721726 0,011923 134,200000 29,800000 29,800000 -20,200000
133 1662721727 0,011923 134,200000 31,400000 31,400000 -20,200000
133 1662721728 0,011923 134,200000 33,000000 33,000000 -20,200000
133 1662721729 0,008837 135,800000 34,200000 34,200000 -20,200000
133 1662721730 0,008837 135,800000 35,400000 35,400000 -20,200000
133 1662721731 0,008837 135,800000 36,600000 36,600000 -20,200000
133 1662721732 0,008837 135,800000 37,800000 37,800000 -20,200000
133 1662721733 0,008837 135,800000 39,000000 39,000000 -20,200000
133 1662721734 -0,018978 137,000000 36,400000 36,400000 -20,200000
133 1662721735 -0,018978 137,000000 33,800000 33,800000 -20,200000
133 1662721736 -0,018978 137,000000 31,200000 31,200000 -20,200000
133 1662721737 -0,018978 137,000000 28,600000 28,600000 -20,200000
133 1662721738 -0,018978 137,000000 26,000000 26,000000 -20,200000
133 1662721739 -0,010160 137,800000 24,600000 24,600000 -20,200000
133 1662721740 -0,010160 137,800000 23,200000 23,200000 -20,200000
133 1662721741 -0,010160 137,800000 21,800000 21,800000 -20,200000
133 1662721742 -0,010160 137,800000 20,400000 20,400000 -20,200000
133 1662721743 -0,010160 137,800000 19,000000 19,000000 -20,200000
133 1662721744 -0,001449 138,000000 18,800000 18,800000 -20,200000
133 1662721745 -0,001449 138,000000 18,600000 18,600000 -20,200000
133 1662721746 -0,001449 138,000000 18,400000 18,400000 -20,200000
133 1662721747 -0,001449 138,000000 18,200000 18,200000 -20,200000
133 1662721748 -0,001449 138,000000 18,000000 18,000000 -20,200000
133 1662721749 0,001443 138,600000 18,200000 18,200000 -20,200000
133 1662721750 0,001443 138,600000 18,400000 18,400000 -20,200000
133 1662721751 0,001443 138,600000 18,600000 18,600000 -20,200000
133 1662721752 0,001443 138,600000 18,800000 18,800000 -20,200000
133 1662721753 0,001443 138,600000 19,000000 19,000000 -20,200000
133 1662721754 0,010043 139,400000 20,400000 20,400000 -20,200000
133 1662721755 0,010043 139,400000 21,800000 21,800000 -20,200000
133 1662721756 0,010043 139,400000 23,200000 23,200000 -20,200000
133 1662721757 0,010043 139,400000 24,600000 24,600000 -20,200000
133 1662721758 0,010043 139,400000 26,000000 26,000000 -20,200000
133 1662721759 -0,002865 139,600000 25,600000 25,600000 -20,200000
133 1662721760 -0,002865 139,600000 25,200000 25,200000 -20,200000
133 1662721761 -0,002865 139,600000 24,800000 24,800000 -20,200000
133 1662721762 -0,002865 139,600000 24,400000 24,400000 -20,200000
133 1662721763 -0,002865 139,600000 24,000000 24,000000 -20,200000
133 1662721764 -0,001429 140,000000 23,800000 23,800000 -20,200000
133 1662721765 -0,001429 140,000000 23,600000 23,600000 -20,200000
133 1662721766 -0,001429 140,000000 23,400000 23,400000 -20,200000
133 1662721767 -0,001429 140,000000 23,200000 23,200000 -20,200000
133 1662721768 -0,001429 140,000000 23,000000 23,000000 -20,200000
133 1662721769 0,002853 140,200000 23,400000 23,400000 -20,200000
133 1662721770 0,002853 140,200000 23,800000 23,800000 -20,200000
133 1662721771 0,002853 140,200000 24,200000 24,200000 -20,200000
133 1662721772 0,002853 140,200000 24,600000 24,600000 -20,200000
133 1662721773 0,002853 140,200000 25,000000 25,000000 -20,200000
133 1662721774 0,002841 140,800000 25,400000 25,400000 -20,200000
133 1662721775 0,002841 140,800000 25,800000 25,800000 -20,200000
133 1662721776 0,002841 140,800000 26,200000 26,200000 -20,200000
133 1662721777 0,002841 140,800000 26,600000 26,600000 -20,200000
133 1662721778 0,002841 140,800000 27,000000 27,000000 -20,200000
133 1662721779 -0,004231 141,800000 26,400000 26,400000 -20,200000
133 1662721780 -0,004231 141,800000 25,800000 25,800000 -20,200000
133 1662721781 -0,004231 141,800000 25,200000 25,200000 -20,200000
133 1662721782 -0,004231 141,800000 24,600000 24,600000 -20,200000
133 1662721783 -0,004231 141,800000 24,000000 24,000000 -20,200000
133 1662721784 -0,002801 142,800000 23,600000 23,600000 -20,200000
133 1662721785 -0,002801 142,800000 23,200000 23,200000 -20,200000
133 1662721786 -0,002801 142,800000 22,800000 22,800000 -20,200000
133 1662721787 -0,002801 142,800000 22,400000 22,400000 -20,200000
133 1662721788 -0,002801 142,800000 22,000000 22,000000 -20,200000
133 1662721789 0,004178 143,600000 22,600000 22,600000 -20,200000
133 1662721790 0,004178 143,600000 23,200000 23,200000 -20,200000
133 1662721791 0,004178 143,600000 23,800000 23,800000 -20,200000
133 1662721792 0,004178 143,600000 24,400000 24,400000 -20,200000
133 1662721793 0,004178 143,600000 25,000000 25,000000 -20,200000
133 1662721794 0,008276 145,000000 26,200000 26,200000 -20,200000
133 1662721795 0,008276 145,000000 27,400000 27,400000 -20,200000
133 1662721796 0,008276 145,000000 28,600000 28,600000 -20,200000
133 1662721797 0,008276 145,000000 29,800000 29,800000 -20,200000
133 1662721798 0,008276 145,000000 31,000000 31,000000 -20,200000
133 1662721799 -0,002740 146,000000 30,600000 30,600000 -20,200000
133 1662721800 -0,002740 146,000000 30,200000 30,200000 -20,200000
133 1662721801 -0,002740 146,000000 29,800000 29,800000 -20,200000
133 1662721802 -0,002740 146,000000 29,400000 29,400000 -20,200000
133 1662721803 -0,002740 146,000000 29,000000 29,000000 -20,200000
133 1662721804 -0,001368 146,200000 28,800000 28,800000 -20,200000
133 1662721805 -0,001368 146,200000 28,600000 28,600000 -20,200000
133 1662721806 -0,001368 146,200000 28,400000 28,400000 -20,200000
133 1662721807 -0,001368 146,200000 28,200000 28,200000 -20,200000
133 1662721808 -0,001368 146,200000 28,000000 28,000000 -20,200000
133 1662721809 -0,005450 146,800000 27,200000 27,200000 -20,200000
133 1662721810 -0,005450 146,800000 26,400000 26,400000 -20,200000
133 1662721811 -0,005450 146,800000 25,600000 25,600000 -20,200000
133 1662721812 -0,005450 146,800000 24,800000 24,800000 -20,200000
133 1662721813 -0,005450 146,800000 24,000000 24,000000 -20,200000
133 1662721814 -0,002703 148,000000 23,600000 23,600000 -20,200000
133 1662721815 -0,002703 148,000000 23,200000 23,200000 -20,200000
133 1662721816 -0,002703 148,000000 22,800000 22,800000 -20,200000
133 1662721817 -0,002703 148,000000 22,400000 22,400000 -20,200000
133 1662721818 -0,002703 148,000000 22,000000 22,000000 -20,200000
133 1662721819 0,001348 148,400000 22,200000 22,200000 -20,200000
133 1662721820 0,001348 148,400000 22,400000 22,400000 -20,200000
133 1662721821 0,001348 148,400000 22,600000 22,600000 -20,200000
133 1662721822 0,001348 148,400000 22,800000 22,800000 -20,200000
133 1662721823 0,001348 148,400000 23,000000 23,000000 -20,200000
133 1662721824 0,001340 149,200000 23,200000 23,200000 -20,200000
133 1662721825 0,001340 149,200000 23,400000 23,400000 -20,200000
133 1662721826 0,001340 149,200000 23,600000 23,600000 -20,200000
133 1662721827 0,001340 149,200000 23,800000 23,800000 -20,200000
133 1662721828 0,001340 149,200000 24,000000 24,000000 -20,200000
133 1662721829 0,008000 150,000000 25,200000 25,200000 -20,200000
133 1662721830 0,008000 150,000000 26,400000 26,400000 -20,200000
133 1662721831 0,008000 150,000000 27,600000 27,600000 -20,200000
133 1662721832 0,008000 150,000000 28,800000 28,800000 -20,200000
133 1662721833 0,008000 150,000000 30,000000 30,000000 -20,200000
133 1662721834 -0,006631 150,800000 29,000000 29,000000 -20,200000
133 1662721835 -0,006631 150,800000 28,000000 28,000000 -20,200000
133 1662721836 -0,006631 150,800000 27,000000 27,000000 -20,200000
133 1662721837 -0,006631 150,800000 26,000000 26,000000 -20,200000
133 1662721838 -0,006631 150,800000 25,000000 25,000000 -20,200000
133 1662721839 0,000000 151,400000 25,000000 25,000000 -20,200000
133 1662721840 0,000000 151,400000 25,000000 25,000000 -20,200000
133 1662721841 0,000000 151,400000 25,000000 25,000000 -20,200000
133 1662721842 0,000000 151,400000 25,000000 25,000000 -20,200000
133 1662721843 0,000000 151,400000 25,000000 25,000000 -20,200000
133 1662721844 -0,005256 152,200000 24,200000 24,200000 -20,200000
133 1662721845 -0,005256 152,200000 23,400000 23,400000 -20,200000
133 1662721846 -0,005256 152,200000 22,600000 22,600000 -20,200000
133 1662721847 -0,005256 152,200000 21,800000 21,800000 -20,200000
133 1662721848 -0,005256 152,200000 21,000000 21,000000 -20,200000
133 1662721849 0,001309 152,800000 21,200000 21,200000 -20,200000
133 1662721850 0,001309 152,800000 21,400000 21,400000 -20,200000
133 1662721851 0,001309 152,800000 21,600000 21,600000 -20,200000
133 1662721852 0,001309 152,800000 21,800000 21,800000 -20,200000
133 1662721853 0,001309 152,800000 22,000000 22,000000 -20,200000
133 1662721854 0,003901 153,800000 22,600000 22,600000 -20,200000
133 1662721855 0,003901 153,800000 23,200000 23,200000 -20,200000
133 1662721856 0,003901 153,800000 23,800000 23,800000 -20,200000
133 1662721857 0,003901 153,800000 24,400000 24,400000 -20,200000
133 1662721858 0,003901 153,800000 25,000000 25,000000 -20,200000
133 1662721859 0,000000 154,200000 25,000000 25,000000 -20,200000
133 1662721860 0,000000 154,200000 25,000000 25,000000 -20,200000
133 1662721861 0,000000 154,200000 25,000000 25,000000 -20,200000
133 1662721862 0,000000 154,200000 25,000000 25,000000 -20,200000
133 1662721863 0,000000 154,200000 25,000000 25,000000 -20,200000
133 1662721864 -0,006468 154,600000 24,000000 24,000000 -20,200000
133 1662721865 -0,006468 154,600000 23,000000 23,000000 -20,200000
133 1662721866 -0,006468 154,600000 22,000000 22,000000 -20,200000
133 1662721867 -0,006468 154,600000 21,000000 21,000000 -20,200000
133 1662721868 -0,006468 154,600000 20,000000 20,000000 -20,200000
133 1662721869 0,006443 155,200000 21,000000 21,000000 -20,200000
133 1662721870 0,006443 155,200000 22,000000 22,000000 -20,200000
133 1662721871 0,006443 155,200000 23,000000 23,000000 -20,200000
133 1662721872 0,006443 155,200000 24,000000 24,000000 -20,200000
133 1662721873 0,006443 155,200000 25,000000 25,000000 -20,200000
133 1662721874 0,007673 156,400000 26,200000 26,200000 -20,200000
133 1662721875 0,007673 156,400000 27,400000 27,400000 -20,200000
133 1662721876 0,007673 156,400000 28,600000 28,600000 -20,200000
133 1662721877 0,007673 156,400000 29,800000 29,800000 -20,200000
133 1662721878 0,007673 156,400000 31,000000 31,000000 -20,200000
133 1662721879 0,002541 157,400000 31,400000 31,400000 -20,200000
133 1662721880 0,002541 157,400000 31,800000 31,800000 -20,200000
133 1662721881 0,002541 157,400000 32,200000 32,200000 -20,200000
133 1662721882 0,002541 157,400000 32,600000 32,600000 -20,200000
133 1662721883 0,002541 157,400000 33,000000 33,000000 -20,200000
133 1662721884 -0,008827 158,600000 31,600000 31,600000 -20,200000
133 1662721885 -0,008827 158,600000 30,200000 30,200000 -20,200000
133 1662721886 -0,008827 158,600000 28,800000 28,800000 -20,200000
133 1662721887 -0,008827 158,600000 27,400000 27,400000 -20,200000
133 1662721888 -0,008827 158,600000 26,000000 26,000000 -20,200000
133 1662721889 -0,003769 159,200000 25,400000 25,400000 -20,200000
133 1662721890 -0,003769 159,200000 24,800000 24,800000 -20,200000
133 1662721891 -0,003769 159,200000 24,200000 24,200000 -20,200000
133 1662721892 -0,003769 159,200000 23,600000 23,600000 -20,200000
133 1662721893 -0,003769 159,200000 23,000000 23,000000 -20,200000
133 1662721894 -0,001252 159,800000 22,800000 22,800000 -20,200000
133 1662721895 -0,001252 159,800000 22,600000 22,600000 -20,200000
133 1662721896 -0,001252 159,800000 22,400000 22,400000 -20,200000
133 1662721897 -0,001252 159,800000 22,200000 22,200000 -20,200000
133 1662721898 -0,001252 159,800000 22,000000 22,000000 -20,200000
133 1662721899 -0,002491 160,600000 21,600000 21,600000 -20,200000
133 1662721900 -0,002491 160,600000 21,200000 21,200000 -20,200000
133 1662721901 -0,002491 160,600000 20,800000 20,800000 -20,200000
133 1662721902 -0,002491 160,600000 20,400000 20,400000 -20,200000
133 1662721903 -0,002491 160,600000 20,000000 20,000000 -20,200000
133 1662721904 0,001238 161,600000 20,200000 20,200000 -20,200000
133 1662721905 0,001238 161,600000 20,400000 20,400000 -20,200000
133 1662721906 0,001238 161,600000 20,600000 20,600000 -20,200000
133 1662721907 0,001238 161,600000 20,800000 20,800000 -20,200000
133 1662721908 0,001238 161,600000 21,000000 21,000000 -20,200000
133 1662721909 0,002472 161,800000 21,400000 21,400000 -20,200000
133 1662721910 0,002472 161,800000 21,800000 21,800000 -20,200000
133 1662721911 0,002472 161,800000 22,200000 22,200000 -20,200000
133 1662721912 0,002472 161,800000 22,600000 22,600000 -20,200000
133 1662721913 0,002472 161,800000 23,000000 23,000000 -20,200000
133 1662721914 0,003699 162,200000 23,600000 23,600000 -20,200000
133 1662721915 0,003699 162,200000 24,200000 24,200000 -20,200000
133 1662721916 0,003699 162,200000 24,800000 24,800000 -20,200000
133 1662721917 0,003699 162,200000 25,400000 25,400000 -20,200000
133 1662721918 0,003699 162,200000 26,000000 26,000000 -20,200000
133 1662721919 -0,002457 162,800000 25,600000 25,600000 -20,200000
133 1662721920 -0,002457 162,800000 25,200000 25,200000 -20,200000
133 1662721921 -0,002457 162,800000 24,800000 24,800000 -20,200000
133 1662721922 -0,002457 162,800000 24,400000 24,400000 -20,200000
133 1662721923 -0,002457 162,800000 24,000000 24,000000 -20,200000
133 1662721924 -0,002448 163,400000 23,600000 23,600000 -20,200000
133 1662721925 -0,002448 163,400000 23,200000 23,200000 -20,200000
133 1662721926 -0,002448 163,400000 22,800000 22,800000 -20,200000
133 1662721927 -0,002448 163,400000 22,400000 22,400000 -20,200000
133 1662721928 -0,002448 163,400000 22,000000 22,000000 -20,200000
133 1662721929 0,003659 164,000000 22,600000 22,600000 -20,200000
133 1662721930 0,003659 164,000000 23,200000 23,200000 -20,200000
133 1662721931 0,003659 164,000000 23,800000 23,800000 -20,200000
133 1662721932 0,003659 164,000000 24,400000 24,400000 -20,200000
133 1662721933 0,003659 164,000000 25,000000 25,000000 -20,200000
133 1662721934 -0,002421 165,200000 24,600000 24,600000 -20,200000
133 1662721935 -0,002421 165,200000 24,200000 24,200000 -20,200000
133 1662721936 -0,002421 165,200000 23,800000 23,800000 -20,200000
133 1662721937 -0,002421 165,200000 23,400000 23,400000 -20,200000
133 1662721938 -0,002421 165,200000 23,000000 23,000000 -20,200000
133 1662721939 0,008413 166,400000 24,400000 24,400000 -20,200000
133 1662721940 0,008413 166,400000 25,800000 25,800000 -20,200000
133 1662721941 0,008413 166,400000 27,200000 27,200000 -20,200000
133 1662721942 0,008413 166,400000 28,600000 28,600000 -20,200000
133 1662721943 0,008413 166,400000 30,000000 30,000000 -20,200000
133 1662721944 -0,002392 167,200000 29,600000 29,600000 -20,200000
133 1662721945 -0,002392 167,200000 29,200000 29,200000 -20,200000
133 1662721946 -0,002392 167,200000 28,800000 28,800000 -20,200000
133 1662721947 -0,002392 167,200000 28,400000 28,400000 -20,200000
133 1662721948 -0,002392 167,200000 28,000000 28,000000 -20,200000
133 1662721949 0,000000 167,600000 28,000000 28,000000 -20,200000
133 1662721950 0,000000 167,600000 28,000000 28,000000 -20,200000
133 1662721951 0,000000 167,600000 28,000000 28,000000 -20,200000
133 1662721952 0,000000 167,600000 28,000000 28,000000 -20,200000
133 1662721953 0,000000 167,600000 28,000000 28,000000 -20,200000
133 1662721954 -0,003563 168,400000 27,400000 27,400000 -20,200000
133 1662721955 -0,003563 168,400000 26,800000 26,800000 -20,200000
133 1662721956 -0,003563 168,400000 26,200000 26,200000 -20,200000
133 1662721957 -0,003563 168,400000 25,600000 25,600000 -20,200000
133 1662721958 -0,003563 168,400000 25,000000 25,000000 -20,200000
133 1662721959 -0,002372 168,600000 24,600000 24,600000 -20,200000
133 1662721960 -0,002372 168,600000 24,200000 24,200000 -20,200000
133 1662721961 -0,002372 168,600000 23,800000 23,800000 -20,200000
133 1662721962 -0,002372 168,600000 23,400000 23,400000 -20,200000
133 1662721963 -0,002372 168,600000 23,000000 23,000000 -20,200000
133 1662721964 -0,004728 169,200000 22,200000 22,200000 -20,200000
133 1662721965 -0,004728 169,200000 21,400000 21,400000 -20,200000
133 1662721966 -0,004728 169,200000 20,600000 20,600000 -20,200000
133 1662721967 -0,004728 169,200000 19,800000 19,800000 -20,200000
133 1662721968 -0,004728 169,200000 19,000000 19,000000 -20,200000
133 1662721969 0,001176 170,000000 19,200000 19,200000 -20,200000
133 1662721970 0,001176 170,000000 19,400000 19,400000 -20,200000
133 1662721971 0,001176 170,000000 19,600000 19,600000 -20,200000
133 1662721972 0,001176 170,000000 19,800000 19,800000 -20,200000
133 1662721973 0,001176 170,000000 20,000000 20,000000 -20,200000
133 1662721974 0,004684 170,800000 20,800000 20,800000 -20,200000
133 1662721975 0,004684 170,800000 21,600000 21,600000 -20,200000
133 1662721976 0,004684 170,800000 22,400000 22,400000 -20,200000
133 1662721977 0,004684 170,800000 23,200000 23,200000 -20,200000
133 1662721978 0,004684 170,800000 24,000000 24,000000 -20,200000
133 1662721979 0,005821 171,800000 25,000000 25,000000 -20,200000
133 1662721980 0,005821 171,800000 26,000000 26,000000 -20,200000
133 1662721981 0,005821 171,800000 27,000000 27,000000 -20,200000
133 1662721982 0,005821 171,800000 28,000000 28,000000 -20,200000
133 1662721983 0,005821 171,800000 29,000000 29,000000 -20,200000
133 1662721984 -0,005794 172,600000 28,000000 28,000000 -20,200000
133 1662721985 -0,005794 172,600000 27,000000 27,000000 -20,200000
133 1662721986 -0,005794 172,600000 26,000000 26,000000 -20,200000
133 1662721987 -0,005794 172,600000 25,000000 25,000000 -20,200000
133 1662721988 -0,005794 172,600000 24,000000 24,000000 -20,200000
133 1662721989 0,002315 172,800000 24,400000 24,400000 -20,200000
133 1662721990 0,002315 172,800000 24,800000 24,800000 -20,200000
133 1662721991 0,002315 172,800000 25,200000 25,200000 -20,200000
133 1662721992 0,002315 172,800000 25,600000 25,600000 -20,200000
133 1662721993 0,002315 172,800000 26,000000 26,000000 -20,200000
133 1662721994 -0,001155 173,200000 25,800000 25,800000 -20,200000
133 1662721995 -0,001155 173,200000 25,600000 25,600000 -20,200000
133 1662721996 -0,001155 173,200000 25,400000 25,400000 -20,200000
133 1662721997 -0,001155 173,200000 25,200000 25,200000 -20,200000
133 1662721998 -0,001155 173,200000 25,000000 25,000000 -20,200000
133 1662721999 -0,001147 174,400000 24,800000 24,800000 -20,200000
133 1662722000 -0,001147 174,400000 24,600000 24,600000 -20,200000
133 1662722001 -0,001147 174,400000 24,400000 24,400000 -20,200000
133 1662722002 -0,001147 174,400000 24,200000 24,200000 -20,200000
133 1662722003 -0,001147 174,400000 24,000000 24,000000 -20,200000
133 1662722004 0,005708 175,200000 25,000000 25,000000 -20,200000
133 1662722005 0,005708 175,200000 26,000000 26,000000 -20,200000
133 1662722006 0,005708 175,200000 27,000000 27,000000 -20,200000
133 1662722007 0,005708 175,200000 28,000000 28,000000 -20,200000
133 1662722008 0,005708 175,200000 29,000000 29,000000 -20,200000
133 1662722009 0,000000 176,400000 29,000000 29,000000 -20,200000
133 1662722010 0,000000 176,400000 29,000000 29,000000 -20,200000
133 1662722011 0,000000 176,400000 29,000000 29,000000 -20,200000
133 1662722012 0,000000 176,400000 29,000000 29,000000 -20,200000
133 1662722013 0,000000 176,400000 29,000000 29,000000 -20,200000
133 1662722014 0,000000 178,000000 29,000000 29,000000 -20,200000
133 1662722015 0,000000 178,000000 29,000000 29,000000 -20,200000
133 1662722016 0,000000 178,000000 29,000000 29,000000 -20,200000
133 1662722017 0,000000 178,000000 29,000000 29,000000 -20,200000
133 1662722018 0,000000 178,000000 29,000000 29,000000 -20,200000
133 1662722019 -0,004484 178,400000 28,200000 28,200000 -20,200000
133 1662722020 -0,004484 178,400000 27,400000 27,400000 -20,200000
133 1662722021 -0,004484 178,400000 26,600000 26,600000 -20,200000
133 1662722022 -0,004484 178,400000 25,800000 25,800000 -20,200000
133 1662722023 -0,004484 178,400000 25,000000 25,000000 -20,200000
133 1662722024 -0,001115 179,400000 24,800000 24,800000 -20,200000
133 1662722025 -0,001115 179,400000 24,600000 24,600000 -20,200000
133 1662722026 -0,001115 179,400000 24,400000 24,400000 -20,200000
133 1662722027 -0,001115 179,400000 24,200000 24,200000 -20,200000
133 1662722028 -0,001115 179,400000 24,000000 24,000000 -20,200000
133 1662722029 0,002222 180,000000 24,400000 24,400000 -20,200000
133 1662722030 0,002222 180,000000 24,800000 24,800000 -20,200000
133 1662722031 0,002222 180,000000 25,200000 25,200000 -20,200000
133 1662722032 0,002222 180,000000 25,600000 25,600000 -20,200000
133 1662722033 0,002222 180,000000 26,000000 26,000000 -20,200000
133 1662722034 -0,004420 181,000000 25,200000 25,200000 -20,200000
133 1662722035 -0,004420 181,000000 24,400000 24,400000 -20,200000
133 1662722036 -0,004420 181,000000 23,600000 23,600000 -20,200000
133 1662722037 -0,004420 181,000000 22,800000 22,800000 -20,200000
133 1662722038 -0,004420 181,000000 22,000000 22,000000 -20,200000
133 1662722039 0,002203 181,600000 22,400000 22,400000 -20,200000
133 1662722040 0,002203 181,600000 22,800000 22,800000 -20,200000
133 1662722041 0,002203 181,600000 23,200000 23,200000 -20,200000
133 1662722042 0,002203 181,600000 23,600000 23,600000 -20,200000
133 1662722043 0,002203 181,600000 24,000000 24,000000 -20,200000
133 1662722044 -0,003297 182,000000 23,400000 23,400000 -20,200000
133 1662722045 -0,003297 182,000000 22,800000 22,800000 -20,200000
133 1662722046 -0,003297 182,000000 22,200000 22,200000 -20,200000
133 1662722047 -0,003297 182,000000 21,600000 21,600000 -20,200000
133 1662722048 -0,003297 182,000000 21,000000 21,000000 -20,200000
133 1662722049 -0,005482 182,400000 20,000000 20,000000 -20,200000
133 1662722050 -0,005482 182,400000 19,000000 19,000000 -20,200000
133 1662722051 -0,005482 182,400000 18,000000 18,000000 -20,200000
133 1662722052 -0,005482 182,400000 17,000000 17,000000 -20,200000
133 1662722053 -0,005482 182,400000 16,000000 16,000000 -20,200000
133 1662722054 0,005476 182,600000 17,000000 17,000000 -20,200000
133 1662722055 0,005476 182,600000 18,000000 18,000000 -20,200000
133 1662722056 0,005476 182,600000 19,000000 19,000000 -20,200000
133 1662722057 0,005476 182,600000 20,000000 20,000000 -20,200000
133 1662722058 0,005476 182,600000 21,000000 21,000000 -20,200000
133 1662722059 0,003279 183,000000 21,600000 21,600000 -20,200000
133 1662722060 0,003279 183,000000 22,200000 22,200000 -20,200000
133 1662722061 0,003279 183,000000 22,800000 22,800000 -20,200000
133 1662722062 0,003279 183,000000 23,400000 23,400000 -20,200000
133 1662722063 0,003279 183,000000 24,000000 24,000000 -20,200000
133 1662722064 0,004353 183,800000 24,800000 24,800000 -20,200000
133 1662722065 0,004353 183,800000 25,600000 25,600000 -20,200000
133 1662722066 0,004353 183,800000 26,400000 26,400000 -20,200000
133 1662722067 0,004353 183,800000 27,200000 27,200000 -20,200000
133 1662722068 0,004353 183,800000 28,000000 28,000000 -20,200000
133 1662722069 0,001085 184,400000 28,200000 28,200000 -20,200000
133 1662722070 0,001085 184,400000 28,400000 28,400000 -20,200000
133 1662722071 0,001085 184,400000 28,600000 28,600000 -20,200000
133 1662722072 0,001085 184,400000 28,800000 28,800000 -20,200000
133 1662722073 0,001085 184,400000 29,000000 29,000000 -20,200000
133 1662722074 -0,001076 185,800000 28,800000 28,800000 -20,200000
133 1662722075 -0,001076 185,800000 28,600000 28,600000 -20,200000
133 1662722076 -0,001076 185,800000 28,400000 28,400000 -20,200000
133 1662722077 -0,001076 185,800000 28,200000 28,200000 -20,200000
133 1662722078 -0,001076 185,800000 28,000000 28,000000 -20,200000
133 1662722079 0,003212 186,800000 28,600000 28,600000 -20,200000
133 1662722080 0,003212 186,800000 29,200000 29,200000 -20,200000
133 1662722081 0,003212 186,800000 29,800000 29,800000 -20,200000
133 1662722082 0,003212 186,800000 30,400000 30,400000 -20,200000
133 1662722083 0,003212 186,800000 31,000000 31,000000 -20,200000
133 1662722084 -0,008493 188,400000 29,400000 29,400000 -20,200000
133 1662722085 -0,008493 188,400000 27,800000 27,800000 -20,200000
133 1662722086 -0,008493 188,400000 26,200000 26,200000 -20,200000
133 1662722087 -0,008493 188,400000 24,600000 24,600000 -20,200000
133 1662722088 -0,008493 188,400000 23,000000 23,000000 -20,200000
133 1662722089 0,000000 189,400000 23,000000 23,000000 -20,200000
133 1662722090 0,000000 189,400000 23,000000 23,000000 -20,200000
133 1662722091 0,000000 189,400000 23,000000 23,000000 -20,200000
133 1662722092 0,000000 189,400000 23,000000 23,000000 -20,200000
133 1662722093 0,000000 189,400000 23,000000 23,000000 -20,200000
133 1662722094 0,000000 190,000000 23,000000 23,000000 -20,200000
133 1662722095 0,000000 190,000000 23,000000 23,000000 -20,200000
133 1662722096 0,000000 190,000000 23,000000 23,000000 -20,200000
133 1662722097 0,000000 190,000000 23,000000 23,000000 -20,200000
133 1662722098 0,000000 190,000000 23,000000 23,000000 -20,200000
133 1662722099 0,003151 190,400000 23,600000 23,600000 -20,200000
133 1662722100 0,003151 190,400000 24,200000 24,200000 -20,200000
133 1662722101 0,003151 190,400000 24,800000 24,800000 -20,200000
133 1662722102 0,003151 190,400000 25,400000 25,400000 -20,200000
133 1662722103 0,003151 190,400000 26,000000 26,000000 -20,200000
133 1662722104 -0,002094 191,000000 25,600000 25,600000 -20,200000
133 1662722105 -0,002094 191,000000 25,200000 25,200000 -20,200000
133 1662722106 -0,002094 191,000000 24,800000 24,800000 -20,200000
133 1662722107 -0,002094 191,000000 24,400000 24,400000 -20,200000
133 1662722108 -0,002094 191,000000 24,000000 24,000000 -20,200000
133 1662722109 -0,005225 191,400000 23,000000 23,000000 -20,200000
133 1662722110 -0,005225 191,400000 22,000000 22,000000 -20,200000
133 1662722111 -0,005225 191,400000 21,000000 21,000000 -20,200000
133 1662722112 -0,005225 191,400000 20,000000 20,000000 -20,200000
133 1662722113 -0,005225 191,400000 19,000000 19,000000 -20,200000
133 1662722114 -0,001044 191,600000 18,800000 18,800000 -20,200000
133 1662722115 -0,001044 191,600000 18,600000 18,600000 -20,200000
133 1662722116 -0,001044 191,600000 18,400000 18,400000 -20,200000
133 1662722117 -0,001044 191,600000 18,200000 18,200000 -20,200000
133 1662722118 -0,001044 191,600000 18,000000 18,000000 -20,200000
133 1662722119 -0,001042 192,000000 17,800000 17,800000 -20,200000
133 1662722120 -0,001042 192,000000 17,600000 17,600000 -20,200000
133 1662722121 -0,001042 192,000000 17,400000 17,400000 -20,200000
133 1662722122 -0,001042 192,000000 17,200000 17,200000 -20,200000
133 1662722123 -0,001042 192,000000 17,000000 17,000000 -20,200000
133 1662722124 0,010363 193,000000 19,000000 19,000000 -20,200000
133 1662722125 0,010363 193,000000 21,000000 21,000000 -20,200000
133 1662722126 0,010363 193,000000 23,000000 23,000000 -20,200000
133 1662722127 0,010363 193,000000 25,000000 25,000000 -20,200000
133 1662722128 0,010363 193,000000 27,000000 27,000000 -20,200000
133 1662722129 0,004137 193,400000 27,800000 27,800000 -20,200000
133 1662722130 0,004137 193,400000 28,600000 28,600000 -20,200000
133 1662722131 0,004137 193,400000 29,400000 29,400000 -20,200000
133 1662722132 0,004137 193,400000 30,200000 30,200000 -20,200000
133 1662722133 0,004137 193,400000 31,000000 31,000000 -20,200000
133 1662722134 -0,005149 194,200000 30,000000 30,000000 -20,200000
133 1662722135 -0,005149 194,200000 29,000000 29,000000 -20,200000
133 1662722136 -0,005149 194,200000 28,000000 28,000000 -20,200000
133 1662722137 -0,005149 194,200000 27,000000 27,000000 -20,200000
133 1662722138 -0,005149 194,200000 26,000000 26,000000 -20,200000
133 1662722139 0,001027 194,800000 26,200000 26,200000 -20,200000
133 1662722140 0,001027 194,800000 26,400000 26,400000 -20,200000
133 1662722141 0,001027 194,800000 26,600000 26,600000 -20,200000
133 1662722142 0,001027 194,800000 26,800000 26,800000 -20,200000
133 1662722143 0,001027 194,800000 27,000000 27,000000 -20,200000
133 1662722144 0,000000 195,200000 27,000000 27,000000 -20,200000
133 1662722145 0,000000 195,200000 27,000000 27,000000 -20,200000
133 1662722146 0,000000 195,200000 27,000000 27,000000 -20,200000
133 1662722147 0,000000 195,200000 27,000000 27,000000 -20,200000
133 1662722148 0,000000 195,200000 27,000000 27,000000 -20,200000
133 1662722149 -0,004077 196,200000 26,200000 26,200000 -20,200000
133 1662722150 -0,004077 196,200000 25,400000 25,400000 -20,200000
133 1662722151 -0,004077 196,200000 24,600000 24,600000 -20,200000
133 1662722152 -0,004077 196,200000 23,800000 23,800000 -20,200000
133 1662722153 -0,004077 196,200000 23,000000 23,000000 -20,200000
133 1662722154 -0,001013 197,400000 22,800000 22,800000 -20,200000
133 1662722155 -0,001013 197,400000 22,600000 22,600000 -20,200000
133 1662722156 -0,001013 197,400000 22,400000 22,400000 -20,200000
133 1662722157 -0,001013 197,400000 22,200000 22,200000 -20,200000
133 1662722158 -0,001013 197,400000 22,000000 22,000000 -20,200000
133 1662722159 0,001010 198,000000 22,200000 22,200000 -20,200000
133 1662722160 0,001010 198,000000 22,400000 22,400000 -20,200000
133 1662722161 0,001010 198,000000 22,600000 22,600000 -20,200000
133 1662722162 0,001010 198,000000 22,800000 22,800000 -20,200000
133 1662722163 0,001010 198,000000 23,000000 23,000000 -20,200000
133 1662722164 0,005025 199,000000 24,000000 24,000000 -20,200000
133 1662722165 0,005025 199,000000 25,000000 25,000000 -20,200000
133 1662722166 0,005025 199,000000 26,000000 26,000000 -20,200000
133 1662722167 0,005025 199,000000 27,000000 27,000000 -20,200000
133 1662722168 0,005025 199,000000 28,000000 28,000000 -20,200000
133 1662722169 -0,004008 199,600000 27,200000 27,200000 -20,200000
133 1662722170 -0,004008 199,600000 26,400000 26,400000 -20,200000
133 1662722171 -0,004008 199,600000 25,600000 25,600000 -20,200000
133 1662722172 -0,004008 199,600000 24,800000 24,800000 -20,200000
133 1662722173 -0,004008 199,600000 24,000000 24,000000 -20,200000
133 1662722174 0,004990 200,400000 25,000000 25,000000 -20,200000
133 1662722175 0,004990 200,400000 26,000000 26,000000 -20,200000
133 1662722176 0,004990 200,400000 27,000000 27,000000 -20,200000
133 1662722177 0,004990 200,400000 28,000000 28,000000 -20,200000
133 1662722178 0,004990 200,400000 29,000000 29,000000 -20,200000
133 1662722179 0,005970 201,000000 30,200000 30,200000 -20,200000
133 1662722180 0,005970 201,000000 31,400000 31,400000 -20,200000
133 1662722181 0,005970 201,000000 32,600000 32,600000 -20,200000
133 1662722182 0,005970 201,000000 33,800000 33,800000 -20,200000
133 1662722183 0,005970 201,000000 35,000000 35,000000 -20,200000
133 1662722184 -0,009872 202,600000 33,000000 33,000000 -20,200000
133 1662722185 -0,009872 202,600000 31,000000 31,000000 -20,200000
133 1662722186 -0,009872 202,600000 29,000000 29,000000 -20,200000
133 1662722187 -0,009872 202,600000 27,000000 27,000000 -20,200000
133 1662722188 -0,009872 202,600000 25,000000 25,000000 -20,200000
133 1662722189 -0,001965 203,600000 24,600000 24,600000 -20,200000
133 1662722190 -0,001965 203,600000 24,200000 24,200000 -20,200000
133 1662722191 -0,001965 203,600000 23,800000 23,800000 -20,200000
133 1662722192 -0,001965 203,600000 23,400000 23,400000 -20,200000
133 1662722193 -0,001965 203,600000 23,000000 23,000000 -20,200000
133 1662722194 -0,001959 204,200000 22,600000 22,600000 -20,200000
133 1662722195 -0,001959 204,200000 22,200000 22,200000 -20,200000
133 1662722196 -0,001959 204,200000 21,800000 21,800000 -20,200000
133 1662722197 -0,001959 204,200000 21,400000 21,400000 -20,200000
133 1662722198 -0,001959 204,200000 21,000000 21,000000 -20,200000
133 1662722199 0,001951 205,000000 21,400000 21,400000 -20,200000
133 1662722200 0,001951 205,000000 21,800000 21,800000 -20,200000
133 1662722201 0,001951 205,000000 22,200000 22,200000 -20,200000
133 1662722202 0,001951 205,000000 22,600000 22,600000 -20,200000
133 1662722203 0,001951 205,000000 23,000000 23,000000 -20,200000
133 1662722204 -0,001949 205,200000 22,600000 22,600000 -20,200000
133 1662722205 -0,001949 205,200000 22,200000 22,200000 -20,200000
133 1662722206 -0,001949 205,200000 21,800000 21,800000 -20,200000
133 1662722207 -0,001949 205,200000 21,400000 21,400000 -20,200000
133 1662722208 -0,001949 205,200000 21,000000 21,000000 -20,200000
133 1662722209 0,000972 205,800000 21,200000 21,200000 -20,200000
133 1662722210 0,000972 205,800000 21,400000 21,400000 -20,200000
133 1662722211 0,000972 205,800000 21,600000 21,600000 -20,200000
133 1662722212 0,000972 205,800000 21,800000 21,800000 -20,200000
133 1662722213 0,000972 205,800000 22,000000 22,000000 -20,200000
133 1662722214 -0,000968 206,600000 21,800000 21,800000 -20,200000
133 1662722215 -0,000968 206,600000 21,600000 21,600000 -20,200000
133 1662722216 -0,000968 206,600000 21,400000 21,400000 -20,200000
133 1662722217 -0,000968 206,600000 21,200000 21,200000 -20,200000
133 1662722218 -0,000968 206,600000 21,000000 21,000000 -20,200000
133 1662722219 -0,005792 207,200000 19,800000 19,800000 -20,200000
133 1662722220 -0,005792 207,200000 18,600000 18,600000 -20,200000
133 1662722221 -0,005792 207,200000 17,400000 17,400000 -20,200000
133 1662722222 -0,005792 207,200000 16,200000 16,200000 -20,200000
133 1662722223 -0,005792 207,200000 15,000000 15,000000 -20,200000
133 1662722224 0,003854 207,600000 15,800000 15,800000 -20,200000
133 1662722225 0,003854 207,600000 16,600000 16,600000 -20,200000
133 1662722226 0,003854 207,600000 17,400000 17,400000 -20,200000
133 1662722227 0,003854 207,600000 18,200000 18,200000 -20,200000
133 1662722228 0,003854 207,600000 19,000000 19,000000 -20,200000
