113 1662720789 0,400000 -1,000000 -101,000000 0,000000 0,000000
113 1662720790 0,400000 -1,000000 -101,000000 0,000000 0,000000
113 1662720791 0,400000 -1,000000 -101,000000 0,000000 0,000000
113 1662720792 0,400000 -1,000000 -101,000000 0,000000 0,000000
113 1662720793 0,400000 -1,000000 -101,000000 0,000000 0,000000
113 1662720794 0,200000 -1,000000 -101,000000 0,000000 0,000000
113 1662720795 0,200000 -1,000000 -101,000000 0,000000 0,000000
113 1662720796 0,200000 -1,000000 -101,000000 0,000000 0,000000
113 1662720797 0,200000 -1,000000 -101,000000 0,000000 0,000000
113 1662720798 0,200000 -1,000000 -101,000000 0,000000 0,000000
113 1662720799 0,600000 -1,000000 -101,000000 0,000000 0,000000
113 1662720800 0,600000 -1,000000 -101,000000 0,000000 0,000000
113 1662720801 0,600000 -1,000000 -101,000000 0,000000 0,000000
113 1662720802 0,600000 -1,000000 -101,000000 0,000000 0,000000
113 1662720803 0,600000 -1,000000 -101,000000 0,000000 0,000000
113 1662720804 0,400000 -1,000000 -101,000000 0,000000 0,000000
113 1662720805 0,400000 -1,000000 -101,000000 0,000000 0,000000
113 1662720806 0,400000 -1,000000 -101,000000 0,000000 0,000000
113 1662720807 0,400000 -1,000000 -101,000000 0,000000 0,000000
113 1662720808 0,400000 -1,000000 -101,000000 0,000000 0,000000
113 1662720809 0,800000 -1,000000 -101,000000 0,000000 0,000000
113 1662720810 0,800000 -1,000000 -101,000000 0,000000 0,000000
113 1662720811 0,800000 -1,000000 -101,000000 0,000000 0,000000
113 1662720812 0,800000 -1,000000 -101,000000 0,000000 0,000000
113 1662720813 0,800000 -1,000000 -101,000000 0,000000 0,000000
113 1662720814 0,600000 -1,000000 -101,000000 0,000000 0,000000
113 1662720815 0,600000 -1,000000 -101,000000 0,000000 0,000000
113 1662720816 0,600000 -1,000000 -101,000000 0,000000 0,000000
113 1662720817 0,600000 -1,000000 -101,000000 0,000000 0,000000
113 1662720818 0,600000 -1,000000 -101,000000 0,000000 0,000000
113 1662720819 1,600000 -1,000000 -101,000000 0,000000 0,000000
113 1662720820 1,600000 -1,000000 -101,000000 0,000000 0,000000
113 1662720821 1,600000 -1,000000 -101,000000 0,000000 0,000000
113 1662720822 1,600000 -1,000000 -101,000000 0,000000 0,000000
113 1662720823 1,600000 -1,000000 -101,000000 0,000000 0,000000
113 1662720824 1,400000 -1,000000 -101,000000 0,000000 0,000000
113 1662720825 1,400000 -1,000000 -101,000000 0,000000 0,000000
113 1662720826 1,400000 -1,000000 -101,000000 0,000000 0,000000
113 1662720827 1,400000 -1,000000 -101,000000 0,000000 0,000000
113 1662720828 1,400000 -1,000000 -101,000000 0,000000 0,000000
113 1662720829 0,600000 -1,000000 -101,000000 0,000000 0,000000
113 1662720830 0,600000 -1,000000 -101,000000 0,000000 0,000000
113 1662720831 0,600000 -1,000000 -101,000000 0,000000 0,000000
113 1662720832 0,600000 -1,000000 -101,000000 0,000000 0,000000
113 1662720833 0,600000 -1,000000 -101,000000 0,000000 0,000000
113 1662720834 0,800000 -1,000000 -101,000000 0,000000 0,000000
113 1662720835 0,800000 -1,000000 -101,000000 0,000000 0,000000
113 1662720836 0,800000 -1,000000 -101,000000 0,000000 0,000000
113 1662720837 0,800000 -1,000000 -101,000000 0,000000 0,000000
113 1662720838 0,800000 -1,000000 -101,000000 0,000000 0,000000
113 1662720839 0,600000 -1,000000 -101,000000 0,000000 0,000000
113 1662720840 0,600000 -1,000000 -101,000000 0,000000 0,000000
113 1662720841 0,600000 -1,000000 -101,000000 0,000000 0,000000
113 1662720842 0,600000 -1,000000 -101,000000 0,000000 0,000000
113 1662720843 0,600000 -1,000000 -101,000000 0,000000 0,000000
113 1662720844 0,400000 -1,000000 -101,000000 0,000000 0,000000
113 1662720845 0,400000 -1,000000 -101,000000 0,000000 0,000000
113 1662720846 0,400000 -1,000000 -101,000000 0,000000 0,000000
113 1662720847 0,400000 -1,000000 -101,000000 0,000000 0,000000
113 1662720848 0,400000 -1,000000 -101,000000 0,000000 0,000000
113 1662720849 1,000000 -1,000000 -101,000000 0,000000 0,000000
113 1662720850 1,000000 -1,000000 -101,000000 0,000000 0,000000
113 1662720851 1,000000 -1,000000 -101,000000 0,000000 0,000000
113 1662720852 1,000000 -1,000000 -101,000000 0,000000 0,000000
113 1662720853 1,000000 -1,000000 -101,000000 0,000000 0,000000
113 1662720854 0,800000 -1,000000 -101,000000 0,000000 0,000000
113 1662720855 0,800000 -1,000000 -101,000000 0,000000 0,000000
113 1662720856 0,800000 -1,000000 -101,000000 0,000000 0,000000
113 1662720857 0,800000 -1,000000 -101,000000 0,000000 0,000000
113 1662720858 0,800000 -1,000000 -101,000000 0,000000 0,000000
113 1662720859 1,400000 -1,000000 -101,000000 0,000000 0,000000
113 1662720860 1,400000 -1,000000 -101,000000 0,000000 0,000000
113 1662720861 1,400000 -1,000000 -101,000000 0,000000 0,000000
113 1662720862 1,400000 -1,000000 -101,000000 0,000000 0,000000
113 1662720863 1,400000 -1,000000 -101,000000 0,000000 0,000000
113 1662720864 1,200000 -1,000000 -101,000000 0,000000 0,000000
113 1662720865 1,200000 -1,000000 -101,000000 0,000000 0,000000
113 1662720866 1,200000 -1,000000 -101,000000 0,000000 0,000000
113 1662720867 1,200000 -1,000000 -101,000000 0,000000 0,000000
113 1662720868 1,200000 -1,000000 -101,000000 0,000000 0,000000
113 1662720869 1,600000 -1,000000 -101,000000 0,000000 0,000000
113 1662720870 1,600000 -1,000000 -101,000000 0,000000 0,000000
113 1662720871 1,600000 -1,000000 -101,000000 0,000000 0,000000
113 1662720872 1,600000 -1,000000 -101,000000 0,000000 0,000000
113 1662720873 1,600000 -1,000000 -101,000000 0,000000 0,000000
113 1662720874 1,000000 -1,000000 -101,000000 0,000000 0,000000
113 1662720875 1,000000 -1,000000 -101,000000 0,000000 0,000000
113 1662720876 1,000000 -1,000000 -101,000000 0,000000 0,000000
113 1662720877 1,000000 -1,000000 -101,000000 0,000000 0,000000
113 1662720878 1,000000 -1,000000 -101,000000 0,000000 0,000000
113 1662720879 2,000000 -1,000000 -101,000000 0,000000 0,000000
113 1662720880 2,000000 -1,000000 -101,000000 0,000000 0,000000
113 1662720881 2,000000 -1,000000 -101,000000 0,000000 0,000000
113 1662720882 2,000000 -1,000000 -101,000000 0,000000 0,000000
113 1662720883 2,000000 -1,000000 -101,000000 0,000000 0,000000
113 1662720884 2,400000 -1,000000 -101,000000 0,000000 0,000000
113 1662720885 2,400000 -1,000000 -101,000000 0,000000 0,000000
113 1662720886 2,400000 -1,000000 -101,000000 0,000000 0,000000
113 1662720887 2,400000 -1,000000 -101,000000 0,000000 0,000000
113 1662720888 2,400000 -1,000000 -101,000000 0,000000 0,000000
113 1662720889 1,400000 -1,000000 -101,000000 0,000000 0,000000
113 1662720890 1,400000 -1,000000 -101,000000 0,000000 0,000000
113 1662720891 1,400000 -1,000000 -101,000000 0,000000 0,000000
113 1662720892 1,400000 -1,000000 -101,000000 0,000000 0,000000
113 1662720893 1,400000 -1,000000 -101,000000 0,000000 0,000000
113 1662720894 0,600000 -1,000000 -101,000000 0,000000 0,000000
113 1662720895 0,600000 -1,000000 -101,000000 0,000000 0,000000
113 1662720896 0,600000 -1,000000 -101,000000 0,000000 0,000000
113 1662720897 0,600000 -1,000000 -101,000000 0,000000 0,000000
113 1662720898 0,600000 -1,000000 -101,000000 0,000000 0,000000
113 1662720899 0,600000 -1,000000 -101,000000 0,000000 0,000000
113 1662720900 0,600000 -1,000000 -101,000000 0,000000 0,000000
113 1662720901 0,600000 -1,000000 -101,000000 0,000000 0,000000
113 1662720902 0,600000 -1,000000 -101,000000 0,000000 0,000000
113 1662720903 0,600000 -1,000000 -101,000000 0,000000 0,000000
113 1662720904 0,800000 -1,000000 -101,000000 0,000000 0,000000
113 1662720905 0,800000 -1,000000 -101,000000 0,000000 0,000000
113 1662720906 0,800000 -1,000000 -101,000000 0,000000 0,000000
113 1662720907 0,800000 -1,000000 -101,000000 0,000000 0,000000
113 1662720908 0,800000 -1,000000 -101,000000 0,000000 0,000000
113 1662720909 0,400000 -1,000000 -101,000000 0,000000 0,000000
113 1662720910 0,400000 -1,000000 -101,000000 0,000000 0,000000
113 1662720911 0,400000 -1,000000 -101,000000 0,000000 0,000000
113 1662720912 0,400000 -1,000000 -101,000000 0,000000 0,000000
113 1662720913 0,400000 -1,000000 -101,000000 0,000000 0,000000
113 1662720914 1,000000 -1,000000 -101,000000 0,000000 0,000000
113 1662720915 1,000000 -1,000000 -101,000000 0,000000 0,000000
113 1662720916 1,000000 -1,000000 -101,000000 0,000000 0,000000
113 1662720917 1,000000 -1,000000 -101,000000 0,000000 0,000000
113 1662720918 1,000000 -1,000000 -101,000000 0,000000 0,000000
113 1662720919 0,800000 -1,000000 -101,000000 0,000000 0,000000
113 1662720920 0,800000 -1,000000 -101,000000 0,000000 0,000000
113 1662720921 0,800000 -1,000000 -101,000000 0,000000 0,000000
113 1662720922 0,800000 -1,000000 -101,000000 0,000000 0,000000
113 1662720923 0,800000 -1,000000 -101,000000 0,000000 0,000000
113 1662720924 1,200000 -1,000000 -101,000000 0,000000 0,000000
113 1662720925 1,200000 -1,000000 -101,000000 0,000000 0,000000
113 1662720926 1,200000 -1,000000 -101,000000 0,000000 0,000000
113 1662720927 1,200000 -1,000000 -101,000000 0,000000 0,000000
113 1662720928 1,200000 -1,000000 -101,000000 0,000000 0,000000
113 1662720929 0,600000 -1,000000 -101,000000 0,000000 0,000000
113 1662720930 0,600000 -1,000000 -101,000000 0,000000 0,000000
113 1662720931 0,600000 -1,000000 -101,000000 0,000000 0,000000
113 1662720932 0,600000 -1,000000 -101,000000 0,000000 0,000000
113 1662720933 0,600000 -1,000000 -101,000000 0,000000 0,000000
113 1662720934 1,200000 -1,000000 -101,000000 0,000000 0,000000
113 1662720935 1,200000 -1,000000 -101,000000 0,000000 0,000000
113 1662720936 1,200000 -1,000000 -101,000000 0,000000 0,000000
113 1662720937 1,200000 -1,000000 -101,000000 0,000000 0,000000
113 1662720938 1,200000 -1,000000 -101,000000 0,000000 0,000000
113 1662720939 1,000000 -1,000000 -101,000000 0,000000 0,000000
113 1662720940 1,000000 -1,000000 -101,000000 0,000000 0,000000
113 1662720941 1,000000 -1,000000 -101,000000 0,000000 0,000000
113 1662720942 1,000000 -1,000000 -101,000000 0,000000 0,000000
113 1662720943 1,000000 -1,000000 -101,000000 0,000000 0,000000
113 1662720944 1,200000 -1,000000 -101,000000 0,000000 0,000000
113 1662720945 1,200000 -1,000000 -101,000000 0,000000 0,000000
113 1662720946 1,200000 -1,000000 -101,000000 0,000000 0,000000
113 1662720947 1,200000 -1,000000 -101,000000 0,000000 0,000000
113 1662720948 1,200000 -1,000000 -101,000000 0,000000 0,000000
113 1662720949 2,000000 -1,000000 -101,000000 0,000000 0,000000
113 1662720950 2,000000 -1,000000 -101,000000 0,000000 0,000000
113 1662720951 2,000000 -1,000000 -101,000000 0,000000 0,000000
113 1662720952 2,000000 -1,000000 -101,000000 0,000000 0,000000
113 1662720953 2,000000 -1,000000 -101,000000 0,000000 0,000000
113 1662720954 0,600000 -1,000000 -101,000000 0,000000 0,000000
113 1662720955 0,600000 -1,000000 -101,000000 0,000000 0,000000
113 1662720956 0,600000 -1,000000 -101,000000 0,000000 0,000000
113 1662720957 0,600000 -1,000000 -101,000000 0,000000 0,000000
113 1662720958 0,600000 -1,000000 -101,000000 0,000000 0,000000
113 1662720959 1,400000 -1,000000 -101,000000 0,000000 0,000000
113 1662720960 1,400000 -1,000000 -101,000000 0,000000 0,000000
113 1662720961 1,400000 -1,000000 -101,000000 0,000000 0,000000
113 1662720962 1,400000 -1,000000 -101,000000 0,000000 0,000000
113 1662720963 1,400000 -1,000000 -101,000000 0,000000 0,000000
113 1662720964 0,400000 -1,000000 -101,000000 0,000000 0,000000
113 1662720965 0,400000 -1,000000 -101,000000 0,000000 0,000000
113 1662720966 0,400000 -1,000000 -101,000000 0,000000 0,000000
113 1662720967 0,400000 -1,000000 -101,000000 0,000000 0,000000
113 1662720968 0,400000 -1,000000 -101,000000 0,000000 0,000000
113 1662720969 0,800000 -1,000000 -101,000000 0,000000 0,000000
113 1662720970 0,800000 -1,000000 -101,000000 0,000000 0,000000
113 1662720971 0,800000 -1,000000 -101,000000 0,000000 0,000000
113 1662720972 0,800000 -1,000000 -101,000000 0,000000 0,000000
113 1662720973 0,800000 -1,000000 -101,000000 0,000000 0,000000
113 1662720974 1,400000 -1,000000 -101,000000 0,000000 0,000000
113 1662720975 1,400000 -1,000000 -101,000000 0,000000 0,000000
113 1662720976 1,400000 -1,000000 -101,000000 0,000000 0,000000
113 1662720977 1,400000 -1,000000 -101,000000 0,000000 0,000000
113 1662720978 1,400000 -1,000000 -101,000000 0,000000 0,000000
113 1662720979 1,200000 -1,000000 -101,000000 0,000000 0,000000
113 1662720980 1,200000 -1,000000 -101,000000 0,000000 0,000000
113 1662720981 1,200000 -1,000000 -101,000000 0,000000 0,000000
113 1662720982 1,200000 -1,000000 -101,000000 0,000000 0,000000
113 1662720983 1,200000 -1,000000 -101,000000 0,000000 0,000000
113 1662720984 1,200000 -1,000000 -101,000000 0,000000 0,000000
113 1662720985 1,200000 -1,000000 -101,000000 0,000000 0,000000
113 1662720986 1,200000 -1,000000 -101,000000 0,000000 0,000000
113 1662720987 1,200000 -1,000000 -101,000000 0,000000 0,000000
113 1662720988 1,200000 -1,000000 -101,000000 0,000000 0,000000
113 1662720989 1,000000 -1,000000 -101,000000 0,000000 0,000000
113 1662720990 1,000000 -1,000000 -101,000000 0,000000 0,000000
113 1662720991 1,000000 -1,000000 -101,000000 0,000000 0,000000
113 1662720992 1,000000 -1,000000 -101,000000 0,000000 0,000000
113 1662720993 1,000000 -1,000000 -101,000000 0,000000 0,000000
113 1662720994 1,000000 -1,000000 -101,000000 0,000000 0,000000
113 1662720995 1,000000 -1,000000 -101,000000 0,000000 0,000000
113 1662720996 1,000000 -1,000000 -101,000000 0,000000 0,000000
113 1662720997 1,000000 -1,000000 -101,000000 0,000000 0,000000
113 1662720998 1,000000 -1,000000 -101,000000 0,000000 0,000000
113 1662720999 0,800000 -1,000000 -101,000000 0,000000 0,000000
113 1662721000 0,800000 -1,000000 -101,000000 0,000000 0,000000
113 1662721001 0,800000 -1,000000 -101,000000 0,000000 0,000000
113 1662721002 0,800000 -1,000000 -101,000000 0,000000 0,000000
113 1662721003 0,800000 -1,000000 -101,000000 0,000000 0,000000
113 1662721004 0,600000 -1,000000 -101,000000 0,000000 0,000000
113 1662721005 0,600000 -1,000000 -101,000000 0,000000 0,000000
113 1662721006 0,600000 -1,000000 -101,000000 0,000000 0,000000
113 1662721007 0,600000 -1,000000 -101,000000 0,000000 0,000000
113 1662721008 0,600000 -1,000000 -101,000000 0,000000 0,000000
113 1662721009 1,400000 -1,000000 -101,000000 0,000000 0,000000
113 1662721010 1,400000 -1,000000 -101,000000 0,000000 0,000000
113 1662721011 1,400000 -1,000000 -101,000000 0,000000 0,000000
113 1662721012 1,400000 -1,000000 -101,000000 0,000000 0,000000
113 1662721013 1,400000 -1,000000 -101,000000 0,000000 0,000000
113 1662721014 1,200000 -1,000000 -101,000000 0,000000 0,000000
113 1662721015 1,200000 -1,000000 -101,000000 0,000000 0,000000
113 1662721016 1,200000 -1,000000 -101,000000 0,000000 0,000000
113 1662721017 1,200000 -1,000000 -101,000000 0,000000 0,000000
113 1662721018 1,200000 -1,000000 -101,000000 0,000000 0,000000
113 1662721019 1,600000 -1,000000 -101,000000 0,000000 0,000000
113 1662721020 1,600000 -1,000000 -101,000000 0,000000 0,000000
113 1662721021 1,600000 -1,000000 -101,000000 0,000000 0,000000
113 1662721022 1,600000 -1,000000 -101,000000 0,000000 0,000000
113 1662721023 1,600000 -1,000000 -101,000000 0,000000 0,000000
113 1662721024 0,800000 -1,000000 -101,000000 0,000000 0,000000
113 1662721025 0,800000 -1,000000 -101,000000 0,000000 0,000000
113 1662721026 0,800000 -1,000000 -101,000000 0,000000 0,000000
113 1662721027 0,800000 -1,000000 -101,000000 0,000000 0,000000
113 1662721028 0,800000 -1,000000 -101,000000 0,000000 0,000000
113 1662721029 1,600000 -1,000000 -101,000000 0,000000 0,000000
113 1662721030 1,600000 -1,000000 -101,000000 0,000000 0,000000
113 1662721031 1,600000 -1,000000 -101,000000 0,000000 0,000000
113 1662721032 1,600000 -1,000000 -101,000000 0,000000 0,000000
113 1662721033 1,600000 -1,000000 -101,000000 0,000000 0,000000
113 1662721034 1,600000 -1,000000 -101,000000 0,000000 0,000000
113 1662721035 1,600000 -1,000000 -101,000000 0,000000 0,000000
113 1662721036 1,600000 -1,000000 -101,000000 0,000000 0,000000
113 1662721037 1,600000 -1,000000 -101,000000 0,000000 0,000000
113 1662721038 1,600000 -1,000000 -101,000000 0,000000 0,000000
113 1662721039 1,600000 -1,000000 -101,000000 0,000000 0,000000
113 1662721040 1,600000 -1,000000 -101,000000 0,000000 0,000000
113 1662721041 1,600000 -1,000000 -101,000000 0,000000 0,000000
113 1662721042 1,600000 -1,000000 -101,000000 0,000000 0,000000
113 1662721043 1,600000 -1,000000 -101,000000 0,000000 0,000000
113 1662721044 1,000000 -1,000000 -101,000000 0,000000 0,000000
113 1662721045 1,000000 -1,000000 -101,000000 0,000000 0,000000
113 1662721046 1,000000 -1,000000 -101,000000 0,000000 0,000000
113 1662721047 1,000000 -1,000000 -101,000000 0,000000 0,000000
113 1662721048 1,000000 -1,000000 -101,000000 0,000000 0,000000
113 1662721049 1,600000 -1,000000 -101,000000 0,000000 0,000000
113 1662721050 1,600000 -1,000000 -101,000000 0,000000 0,000000
113 1662721051 1,600000 -1,000000 -101,000000 0,000000 0,000000
113 1662721052 1,600000 -1,000000 -101,000000 0,000000 0,000000
113 1662721053 1,600000 -1,000000 -101,000000 0,000000 0,000000
113 1662721054 1,200000 -1,000000 -101,000000 0,000000 0,000000
113 1662721055 1,200000 -1,000000 -101,000000 0,000000 0,000000
113 1662721056 1,200000 -1,000000 -101,000000 0,000000 0,000000
113 1662721057 1,200000 -1,000000 -101,000000 0,000000 0,000000
113 1662721058 1,200000 -1,000000 -101,000000 0,000000 0,000000
113 1662721059 0,200000 -1,000000 -101,000000 0,000000 0,000000
113 1662721060 0,200000 -1,000000 -101,000000 0,000000 0,000000
113 1662721061 0,200000 -1,000000 -101,000000 0,000000 0,000000
113 1662721062 0,200000 -1,000000 -101,000000 0,000000 0,000000
113 1662721063 0,200000 -1,000000 -101,000000 0,000000 0,000000
113 1662721064 0,400000 -1,000000 -101,000000 0,000000 0,000000
113 1662721065 0,400000 -1,000000 -101,000000 0,000000 0,000000
113 1662721066 0,400000 -1,000000 -101,000000 0,000000 0,000000
113 1662721067 0,400000 -1,000000 -101,000000 0,000000 0,000000
113 1662721068 0,400000 -1,000000 -101,000000 0,000000 0,000000
113 1662721069 1,400000 -1,000000 -101,000000 0,000000 0,000000
113 1662721070 1,400000 -1,000000 -101,000000 0,000000 0,000000
113 1662721071 1,400000 -1,000000 -101,000000 0,000000 0,000000
113 1662721072 1,400000 -1,000000 -101,000000 0,000000 0,000000
113 1662721073 1,400000 -1,000000 -101,000000 0,000000 0,000000
113 1662721074 1,000000 -1,000000 -101,000000 0,000000 0,000000
113 1662721075 1,000000 -1,000000 -101,000000 0,000000 0,000000
113 1662721076 1,000000 -1,000000 -101,000000 0,000000 0,000000
113 1662721077 1,000000 -1,000000 -101,000000 0,000000 0,000000
113 1662721078 1,000000 -1,000000 -101,000000 0,000000 0,000000
113 1662721079 1,200000 -1,000000 -101,000000 0,000000 0,000000
113 1662721080 1,200000 -1,000000 -101,000000 0,000000 0,000000
113 1662721081 1,200000 -1,000000 -101,000000 0,000000 0,000000
113 1662721082 1,200000 -1,000000 -101,000000 0,000000 0,000000
113 1662721083 1,200000 -1,000000 -101,000000 0,000000 0,000000
113 1662721084 1,400000 -1,000000 -101,000000 0,000000 0,000000
113 1662721085 1,400000 -1,000000 -101,000000 0,000000 0,000000
113 1662721086 1,400000 -1,000000 -101,000000 0,000000 0,000000
113 1662721087 1,400000 -1,000000 -101,000000 0,000000 0,000000
113 1662721088 1,400000 -1,000000 -101,000000 0,000000 0,000000
113 1662721089 1,800000 -1,000000 -101,000000 0,000000 0,000000
113 1662721090 1,800000 -1,000000 -101,000000 0,000000 0,000000
113 1662721091 1,800000 -1,000000 -101,000000 0,000000 0,000000
113 1662721092 1,800000 -1,000000 -101,000000 0,000000 0,000000
113 1662721093 1,800000 -1,000000 -101,000000 0,000000 0,000000
113 1662721094 0,600000 -1,000000 -101,000000 0,000000 0,000000
113 1662721095 0,600000 -1,000000 -101,000000 0,000000 0,000000
113 1662721096 0,600000 -1,000000 -101,000000 0,000000 0,000000
113 1662721097 0,600000 -1,000000 -101,000000 0,000000 0,000000
113 1662721098 0,600000 -1,000000 -101,000000 0,000000 0,000000
113 1662721099 1,200000 -1,000000 -101,000000 0,000000 0,000000
113 1662721100 1,200000 -1,000000 -101,000000 0,000000 0,000000
113 1662721101 1,200000 -1,000000 -101,000000 0,000000 0,000000
113 1662721102 1,200000 -1,000000 -101,000000 0,000000 0,000000
113 1662721103 1,200000 -1,000000 -101,000000 0,000000 0,000000
113 1662721104 1,400000 -1,000000 -101,000000 0,000000 0,000000
113 1662721105 1,400000 -1,000000 -101,000000 0,000000 0,000000
113 1662721106 1,400000 -1,000000 -101,000000 0,000000 0,000000
113 1662721107 1,400000 -1,000000 -101,000000 0,000000 0,000000
113 1662721108 1,400000 -1,000000 -101,000000 0,000000 0,000000
113 1662721109 0,800000 -1,000000 -101,000000 0,000000 0,000000
113 1662721110 0,800000 -1,000000 -101,000000 0,000000 0,000000
113 1662721111 0,800000 -1,000000 -101,000000 0,000000 0,000000
113 1662721112 0,800000 -1,000000 -101,000000 0,000000 0,000000
113 1662721113 0,800000 -1,000000 -101,000000 0,000000 0,000000
113 1662721114 0,400000 -1,000000 -101,000000 0,000000 0,000000
113 1662721115 0,400000 -1,000000 -101,000000 0,000000 0,000000
113 1662721116 0,400000 -1,000000 -101,000000 0,000000 0,000000
113 1662721117 0,400000 -1,000000 -101,000000 0,000000 0,000000
113 1662721118 0,400000 -1,000000 -101,000000 0,000000 0,000000
113 1662721119 0,600000 -1,000000 -101,000000 0,000000 0,000000
113 1662721120 0,600000 -1,000000 -101,000000 0,000000 0,000000
113 1662721121 0,600000 -1,000000 -101,000000 0,000000 0,000000
113 1662721122 0,600000 -1,000000 -101,000000 0,000000 0,000000
113 1662721123 0,600000 -1,000000 -101,000000 0,000000 0,000000
113 1662721124 0,800000 -1,000000 -101,000000 0,000000 0,000000
113 1662721125 0,800000 -1,000000 -101,000000 0,000000 0,000000
113 1662721126 0,800000 -1,000000 -101,000000 0,000000 0,000000
113 1662721127 0,800000 -1,000000 -101,000000 0,000000 0,000000
113 1662721128 0,800000 -1,000000 -101,000000 0,000000 0,000000
113 1662721129 1,000000 -1,000000 -101,000000 0,000000 0,000000
113 1662721130 1,000000 -1,000000 -101,000000 0,000000 0,000000
113 1662721131 1,000000 -1,000000 -101,000000 0,000000 0,000000
113 1662721132 1,000000 -1,000000 -101,000000 0,000000 0,000000
113 1662721133 1,000000 -1,000000 -101,000000 0,000000 0,000000
113 1662721134 1,400000 -1,000000 -101,000000 0,000000 0,000000
113 1662721135 1,400000 -1,000000 -101,000000 0,000000 0,000000
113 1662721136 1,400000 -1,000000 -101,000000 0,000000 0,000000
113 1662721137 1,400000 -1,000000 -101,000000 0,000000 0,000000
113 1662721138 1,400000 -1,000000 -101,000000 0,000000 0,000000
113 1662721139 0,600000 -1,000000 -101,000000 0,000000 0,000000
113 1662721140 0,600000 -1,000000 -101,000000 0,000000 0,000000
113 1662721141 0,600000 -1,000000 -101,000000 0,000000 0,000000
113 1662721142 0,600000 -1,000000 -101,000000 0,000000 0,000000
113 1662721143 0,600000 -1,000000 -101,000000 0,000000 0,000000
113 1662721144 0,800000 -1,000000 -101,000000 0,000000 0,000000
113 1662721145 0,800000 -1,000000 -101,000000 0,000000 0,000000
113 1662721146 0,800000 -1,000000 -101,000000 0,000000 0,000000
113 1662721147 0,800000 -1,000000 -101,000000 0,000000 0,000000
113 1662721148 0,800000 -1,000000 -101,000000 0,000000 0,000000
113 1662721149 0,800000 -1,000000 -101,000000 0,000000 0,000000
113 1662721150 0,800000 -1,000000 -101,000000 0,000000 0,000000
113 1662721151 0,800000 -1,000000 -101,000000 0,000000 0,000000
113 1662721152 0,800000 -1,000000 -101,000000 0,000000 0,000000
113 1662721153 0,800000 -1,000000 -101,000000 0,000000 0,000000
113 1662721154 1,200000 -1,000000 -101,000000 0,000000 0,000000
113 1662721155 1,200000 -1,000000 -101,000000 0,000000 0,000000
113 1662721156 1,200000 -1,000000 -101,000000 0,000000 0,000000
113 1662721157 1,200000 -1,000000 -101,000000 0,000000 0,000000
113 1662721158 1,200000 -1,000000 -101,000000 0,000000 0,000000
113 1662721159 1,800000 -1,000000 -101,000000 0,000000 0,000000
113 1662721160 1,800000 -1,000000 -101,000000 0,000000 0,000000
113 1662721161 1,800000 -1,000000 -101,000000 0,000000 0,000000
113 1662721162 1,800000 -1,000000 -101,000000 0,000000 0,000000
113 1662721163 1,800000 -1,000000 -101,000000 0,000000 0,000000
113 1662721164 2,400000 -1,000000 -101,000000 0,000000 0,000000
113 1662721165 2,400000 -1,000000 -101,000000 0,000000 0,000000
113 1662721166 2,400000 -1,000000 -101,000000 0,000000 0,000000
113 1662721167 2,400000 -1,000000 -101,000000 0,000000 0,000000
113 1662721168 2,400000 -1,000000 -101,000000 0,000000 0,000000
113 1662721169 0,800000 -1,000000 -101,000000 0,000000 0,000000
113 1662721170 0,800000 -1,000000 -101,000000 0,000000 0,000000
113 1662721171 0,800000 -1,000000 -101,000000 0,000000 0,000000
113 1662721172 0,800000 -1,000000 -101,000000 0,000000 0,000000
113 1662721173 0,800000 -1,000000 -101,000000 0,000000 0,000000
113 1662721174 1,800000 -1,000000 -101,000000 0,000000 0,000000
113 1662721175 1,800000 -1,000000 -101,000000 0,000000 0,000000
113 1662721176 1,800000 -1,000000 -101,000000 0,000000 0,000000
113 1662721177 1,800000 -1,000000 -101,000000 0,000000 0,000000
113 1662721178 1,800000 -1,000000 -101,000000 0,000000 0,000000
113 1662721179 0,600000 -1,000000 -101,000000 0,000000 0,000000
113 1662721180 0,600000 -1,000000 -101,000000 0,000000 0,000000
113 1662721181 0,600000 -1,000000 -101,000000 0,000000 0,000000
113 1662721182 0,600000 -1,000000 -101,000000 0,000000 0,000000
113 1662721183 0,600000 -1,000000 -101,000000 0,000000 0,000000
113 1662721184 1,000000 -1,000000 -101,000000 0,000000 0,000000
113 1662721185 1,000000 -1,000000 -101,000000 0,000000 0,000000
113 1662721186 1,000000 -1,000000 -101,000000 0,000000 0,000000
113 1662721187 1,000000 -1,000000 -101,000000 0,000000 0,000000
113 1662721188 1,000000 -1,000000 -101,000000 0,000000 0,000000
113 1662721189 0,600000 -1,000000 -101,000000 0,000000 0,000000
113 1662721190 0,600000 -1,000000 -101,000000 0,000000 0,000000
113 1662721191 0,600000 -1,000000 -101,000000 0,000000 0,000000
113 1662721192 0,600000 -1,000000 -101,000000 0,000000 0,000000
113 1662721193 0,600000 -1,000000 -101,000000 0,000000 0,000000
113 1662721194 1,000000 -1,000000 -101,000000 0,000000 0,000000
113 1662721195 1,000000 -1,000000 -101,000000 0,000000 0,000000
113 1662721196 1,000000 -1,000000 -101,000000 0,000000 0,000000
113 1662721197 1,000000 -1,000000 -101,000000 0,000000 0,000000
113 1662721198 1,000000 -1,000000 -101,000000 0,000000 0,000000
113 1662721199 0,800000 -1,000000 -101,000000 0,000000 0,000000
113 1662721200 0,800000 -1,000000 -101,000000 0,000000 0,000000
113 1662721201 0,800000 -1,000000 -101,000000 0,000000 0,000000
113 1662721202 0,800000 -1,000000 -101,000000 0,000000 0,000000
113 1662721203 0,800000 -1,000000 -101,000000 0,000000 0,000000
113 1662721204 0,400000 -1,000000 -101,000000 0,000000 0,000000
113 1662721205 0,400000 -1,000000 -101,000000 0,000000 0,000000
113 1662721206 0,400000 -1,000000 -101,000000 0,000000 0,000000
113 1662721207 0,400000 -1,000000 -101,000000 0,000000 0,000000
113 1662721208 0,400000 -1,000000 -101,000000 0,000000 0,000000
113 1662721209 0,600000 -1,000000 -101,000000 0,000000 0,000000
113 1662721210 0,600000 -1,000000 -101,000000 0,000000 0,000000
113 1662721211 0,600000 -1,000000 -101,000000 0,000000 0,000000
113 1662721212 0,600000 -1,000000 -101,000000 0,000000 0,000000
113 1662721213 0,600000 -1,000000 -101,000000 0,000000 0,000000
113 1662721214 0,800000 -1,000000 -101,000000 0,000000 0,000000
113 1662721215 0,800000 -1,000000 -101,000000 0,000000 0,000000
113 1662721216 0,800000 -1,000000 -101,000000 0,000000 0,000000
113 1662721217 0,800000 -1,000000 -101,000000 0,000000 0,000000
113 1662721218 0,800000 -1,000000 -101,000000 0,000000 0,000000
113 1662721219 1,400000 -1,000000 -101,000000 0,000000 0,000000
113 1662721220 1,400000 -1,000000 -101,000000 0,000000 0,000000
113 1662721221 1,400000 -1,000000 -101,000000 0,000000 0,000000
113 1662721222 1,400000 -1,000000 -101,000000 0,000000 0,000000
113 1662721223 1,400000 -1,000000 -101,000000 0,000000 0,000000
113 1662721224 2,600000 -1,000000 -101,000000 0,000000 0,000000
113 1662721225 2,600000 -1,000000 -101,000000 0,000000 0,000000
113 1662721226 2,600000 -1,000000 -101,000000 0,000000 0,000000
113 1662721227 2,600000 -1,000000 -101,000000 0,000000 0,000000
113 1662721228 2,600000 -1,000000 -101,000000 0,000000 0,000000
113 1662721229 1,400000 -1,000000 -101,000000 0,000000 0,000000
113 1662721230 1,400000 -1,000000 -101,000000 0,000000 0,000000
113 1662721231 1,400000 -1,000000 -101,000000 0,000000 0,000000
113 1662721232 1,400000 -1,000000 -101,000000 0,000000 0,000000
113 1662721233 1,400000 -1,000000 -101,000000 0,000000 0,000000
113 1662721234 2,800000 -1,000000 -101,000000 0,000000 0,000000
113 1662721235 2,800000 -1,000000 -101,000000 0,000000 0,000000
113 1662721236 2,800000 -1,000000 -101,000000 0,000000 0,000000
113 1662721237 2,800000 -1,000000 -101,000000 0,000000 0,000000
113 1662721238 2,800000 -1,000000 -101,000000 0,000000 0,000000
113 1662721239 1,200000 -1,000000 -101,000000 0,000000 0,000000
113 1662721240 1,200000 -1,000000 -101,000000 0,000000 0,000000
113 1662721241 1,200000 -1,000000 -101,000000 0,000000 0,000000
113 1662721242 1,200000 -1,000000 -101,000000 0,000000 0,000000
113 1662721243 1,200000 -1,000000 -101,000000 0,000000 0,000000
113 1662721244 1,000000 -1,000000 -101,000000 0,000000 0,000000
113 1662721245 1,000000 -1,000000 -101,000000 0,000000 0,000000
113 1662721246 1,000000 -1,000000 -101,000000 0,000000 0,000000
113 1662721247 1,000000 -1,000000 -101,000000 0,000000 0,000000
113 1662721248 1,000000 -1,000000 -101,000000 0,000000 0,000000
113 1662721249 0,400000 -1,000000 -101,000000 0,000000 0,000000
113 1662721250 0,400000 -1,000000 -101,000000 0,000000 0,000000
113 1662721251 0,400000 -1,000000 -101,000000 0,000000 0,000000
113 1662721252 0,400000 -1,000000 -101,000000 0,000000 0,000000
113 1662721253 0,400000 -1,000000 -101,000000 0,000000 0,000000
113 1662721254 0,600000 -1,000000 -101,000000 0,000000 0,000000
113 1662721255 0,600000 -1,000000 -101,000000 0,000000 0,000000
113 1662721256 0,600000 -1,000000 -101,000000 0,000000 0,000000
113 1662721257 0,600000 -1,000000 -101,000000 0,000000 0,000000
113 1662721258 0,600000 -1,000000 -101,000000 0,000000 0,000000
113 1662721259 1,200000 -1,000000 -101,000000 0,000000 0,000000
113 1662721260 1,200000 -1,000000 -101,000000 0,000000 0,000000
113 1662721261 1,200000 -1,000000 -101,000000 0,000000 0,000000
113 1662721262 1,200000 -1,000000 -101,000000 0,000000 0,000000
113 1662721263 1,200000 -1,000000 -101,000000 0,000000 0,000000
113 1662721264 0,600000 -1,000000 -101,000000 0,000000 0,000000
113 1662721265 0,600000 -1,000000 -101,000000 0,000000 0,000000
113 1662721266 0,600000 -1,000000 -101,000000 0,000000 0,000000
113 1662721267 0,600000 -1,000000 -101,000000 0,000000 0,000000
113 1662721268 0,600000 -1,000000 -101,000000 0,000000 0,000000
113 1662721269 0,600000 -1,000000 -101,000000 0,000000 0,000000
113 1662721270 0,600000 -1,000000 -101,000000 0,000000 0,000000
113 1662721271 0,600000 -1,000000 -101,000000 0,000000 0,000000
113 1662721272 0,600000 -1,000000 -101,000000 0,000000 0,000000
113 1662721273 0,600000 -1,000000 -101,000000 0,000000 0,000000
113 1662721274 1,000000 -1,000000 -101,000000 0,000000 0,000000
113 1662721275 1,000000 -1,000000 -101,000000 0,000000 0,000000
113 1662721276 1,000000 -1,000000 -101,000000 0,000000 0,000000
113 1662721277 1,000000 -1,000000 -101,000000 0,000000 0,000000
113 1662721278 1,000000 -1,000000 -101,000000 0,000000 0,000000
113 1662721279 0,600000 -1,000000 -101,000000 0,000000 0,000000
113 1662721280 0,600000 -1,000000 -101,000000 0,000000 0,000000
113 1662721281 0,600000 -1,000000 -101,000000 0,000000 0,000000
113 1662721282 0,600000 -1,000000 -101,000000 0,000000 0,000000
113 1662721283 0,600000 -1,000000 -101,000000 0,000000 0,000000
113 1662721284 1,800000 -1,000000 -101,000000 0,000000 0,000000
113 1662721285 1,800000 -1,000000 -101,000000 0,000000 0,000000
113 1662721286 1,800000 -1,000000 -101,000000 0,000000 0,000000
113 1662721287 1,800000 -1,000000 -101,000000 0,000000 0,000000
113 1662721288 1,800000 -1,000000 -101,000000 0,000000 0,000000
113 1662721289 0,800000 -1,000000 -101,000000 0,000000 0,000000
113 1662721290 0,800000 -1,000000 -101,000000 0,000000 0,000000
113 1662721291 0,800000 -1,000000 -101,000000 0,000000 0,000000
113 1662721292 0,800000 -1,000000 -101,000000 0,000000 0,000000
113 1662721293 0,800000 -1,000000 -101,000000 0,000000 0,000000
113 1662721294 0,800000 -1,000000 -101,000000 0,000000 0,000000
113 1662721295 0,800000 -1,000000 -101,000000 0,000000 0,000000
113 1662721296 0,800000 -1,000000 -101,000000 0,000000 0,000000
113 1662721297 0,800000 -1,000000 -101,000000 0,000000 0,000000
113 1662721298 0,800000 -1,000000 -101,000000 0,000000 0,000000
113 1662721299 1,400000 -1,000000 -101,000000 0,000000 0,000000
113 1662721300 1,400000 -1,000000 -101,000000 0,000000 0,000000
113 1662721301 1,400000 -1,000000 -101,000000 0,000000 0,000000
113 1662721302 1,400000 -1,000000 -101,000000 0,000000 0,000000
113 1662721303 1,400000 -1,000000 -101,000000 0,000000 0,000000
113 1662721304 1,400000 -1,000000 -101,000000 0,000000 0,000000
113 1662721305 1,400000 -1,000000 -101,000000 0,000000 0,000000
113 1662721306 1,400000 -1,000000 -101,000000 0,000000 0,000000
113 1662721307 1,400000 -1,000000 -101,000000 0,000000 0,000000
113 1662721308 1,400000 -1,000000 -101,000000 0,000000 0,000000
113 1662721309 0,800000 -1,000000 -101,000000 0,000000 0,000000
113 1662721310 0,800000 -1,000000 -101,000000 0,000000 0,000000
113 1662721311 0,800000 -1,000000 -101,000000 0,000000 0,000000
113 1662721312 0,800000 -1,000000 -101,000000 0,000000 0,000000
113 1662721313 0,800000 -1,000000 -101,000000 0,000000 0,000000
113 1662721314 1,600000 -1,000000 -101,000000 0,000000 0,000000
113 1662721315 1,600000 -1,000000 -101,000000 0,000000 0,000000
113 1662721316 1,600000 -1,000000 -101,000000 0,000000 0,000000
113 1662721317 1,600000 -1,000000 -101,000000 0,000000 0,000000
113 1662721318 1,600000 -1,000000 -101,000000 0,000000 0,000000
113 1662721319 1,000000 -1,000000 -101,000000 0,000000 0,000000
113 1662721320 1,000000 -1,000000 -101,000000 0,000000 0,000000
113 1662721383 1,000000 -1,000000 1,000000 1,000000 0,000000
113 1662721382 1,000000 -1,000000 1,000000 1,000000 0,000000
113 1662721381 1,000000 -1,000000 1,000000 1,000000 0,000000
113 1662721380 1,000000 -1,000000 1,000000 1,000000 0,000000
113 1662721379 1,000000 -1,000000 1,000000 1,000000 0,000000
113 1662721378 1,800000 -1,000000 1,800000 1,800000 0,000000
113 1662721377 1,800000 -1,000000 1,800000 1,800000 0,000000
113 1662721376 1,800000 -1,000000 1,800000 1,800000 0,000000
113 1662721375 1,800000 -1,000000 1,800000 1,800000 0,000000
113 1662721374 1,800000 -1,000000 1,800000 1,800000 0,000000
113 1662721373 1,000000 -1,000000 1,000000 1,000000 0,000000
113 1662721372 1,000000 -1,000000 1,000000 1,000000 0,000000
113 1662721371 1,000000 -1,000000 1,000000 1,000000 0,000000
113 1662721370 1,000000 -1,000000 1,000000 1,000000 0,000000
113 1662721369 1,000000 -1,000000 1,000000 1,000000 0,000000
113 1662721368 0,800000 -1,000000 0,800000 0,800000 0,000000
113 1662721367 0,800000 -1,000000 0,800000 0,800000 0,000000
113 1662721366 0,800000 -1,000000 0,800000 0,800000 0,000000
113 1662721365 0,800000 -1,000000 0,800000 0,800000 0,000000
113 1662721364 0,800000 -1,000000 0,800000 0,800000 0,000000
113 1662721363 1,000000 -1,000000 1,000000 1,000000 0,000000
113 1662721362 1,000000 -1,000000 1,000000 1,000000 0,000000
113 1662721361 1,000000 -1,000000 1,000000 1,000000 0,000000
113 1662721360 1,000000 -1,000000 1,000000 1,000000 0,000000
113 1662721359 1,000000 -1,000000 1,000000 1,000000 0,000000
113 1662721358 0,600000 -1,000000 0,600000 0,600000 0,000000
113 1662721357 0,600000 -1,000000 0,600000 0,600000 0,000000
113 1662721356 0,600000 -1,000000 0,600000 0,600000 0,000000
113 1662721355 0,600000 -1,000000 0,600000 0,600000 0,000000
113 1662721354 0,600000 -1,000000 0,600000 0,600000 0,000000
113 1662721353 1,400000 -1,000000 1,400000 1,400000 0,000000
113 1662721352 1,400000 -1,000000 1,400000 1,400000 0,000000
113 1662721351 1,400000 -1,000000 1,400000 1,400000 0,000000
113 1662721350 1,400000 -1,000000 1,400000 1,400000 0,000000
113 1662721349 1,400000 -1,000000 1,400000 1,400000 0,000000
113 1662721348 0,800000 -1,000000 0,800000 0,800000 0,000000
113 1662721347 0,800000 -1,000000 0,800000 0,800000 0,000000
113 1662721346 0,800000 -1,000000 0,800000 0,800000 0,000000
113 1662721345 0,800000 -1,000000 0,800000 0,800000 0,000000
113 1662721344 0,800000 -1,000000 0,800000 0,800000 0,000000
113 1662721343 0,600000 -1,000000 0,600000 0,600000 0,000000
113 1662721342 0,600000 -1,000000 0,600000 0,600000 0,000000
113 1662721341 0,600000 -1,000000 0,600000 0,600000 0,000000
113 1662721340 0,600000 -1,000000 0,600000 0,600000 0,000000
113 1662721339 0,600000 -1,000000 0,600000 0,600000 0,000000
113 1662721338 1,800000 -1,000000 1,800000 1,800000 0,000000
113 1662721337 1,800000 -1,000000 1,800000 1,800000 0,000000
113 1662721336 1,800000 -1,000000 1,800000 1,800000 0,000000
113 1662721335 1,800000 -1,000000 1,800000 1,800000 0,000000
113 1662721334 1,800000 -1,000000 1,800000 1,800000 0,000000
113 1662721333 1,000000 -1,000000 1,000000 1,000000 0,000000
113 1662721332 1,000000 -1,000000 1,000000 1,000000 0,000000
113 1662721331 1,000000 -1,000000 1,000000 1,000000 0,000000
113 1662721330 1,000000 -1,000000 1,000000 1,000000 0,000000
113 1662721329 1,000000 -1,000000 1,000000 1,000000 0,000000
113 1662721328 0,800000 -1,000000 0,800000 0,800000 0,000000
113 1662721327 0,800000 -1,000000 0,800000 0,800000 0,000000
113 1662721326 0,800000 -1,000000 0,800000 0,800000 0,000000
113 1662721325 0,800000 -1,000000 0,800000 0,800000 0,000000
113 1662721324 0,800000 -1,000000 0,800000 0,800000 0,000000
113 1662721323 1,000000 -1,000000 1,000000 1,000000 0,000000
113 1662721322 1,000000 -1,000000 1,000000 1,000000 0,000000
113 1662721321 1,000000 -1,000000 1,000000 1,000000 0,000000
113 1662721321 1,000000 -1,000000 -101,000000 0,000000 0,000000
113 1662721322 1,000000 -1,000000 -101,000000 0,000000 0,000000
113 1662721323 1,000000 -1,000000 -101,000000 0,000000 0,000000
113 1662721324 0,800000 -1,000000 -101,000000 0,000000 0,000000
113 1662721325 0,800000 -1,000000 -101,000000 0,000000 0,000000
113 1662721326 0,800000 -1,000000 -101,000000 0,000000 0,000000
113 1662721327 0,800000 -1,000000 -101,000000 0,000000 0,000000
113 1662721328 0,800000 -1,000000 -101,000000 0,000000 0,000000
113 1662721329 1,000000 -1,000000 -101,000000 0,000000 0,000000
113 1662721330 1,000000 -1,000000 -101,000000 0,000000 0,000000
113 1662721331 1,000000 -1,000000 -101,000000 0,000000 0,000000
113 1662721332 1,000000 -1,000000 -101,000000 0,000000 0,000000
113 1662721333 1,000000 -1,000000 -101,000000 0,000000 0,000000
113 1662721334 1,800000 -1,000000 -101,000000 0,000000 0,000000
113 1662721335 1,800000 -1,000000 -101,000000 0,000000 0,000000
113 1662721336 1,800000 -1,000000 -101,000000 0,000000 0,000000
113 1662721337 1,800000 -1,000000 -101,000000 0,000000 0,000000
113 1662721338 1,800000 -1,000000 -101,000000 0,000000 0,000000
113 1662721339 0,600000 -1,000000 -101,000000 0,000000 0,000000
113 1662721340 0,600000 -1,000000 -101,000000 0,000000 0,000000
113 1662721341 0,600000 -1,000000 -101,000000 0,000000 0,000000
113 1662721342 0,600000 -1,000000 -101,000000 0,000000 0,000000
113 1662721343 0,600000 -1,000000 -101,000000 0,000000 0,000000
113 1662721344 0,800000 -1,000000 -101,000000 0,000000 0,000000
113 1662721345 0,800000 -1,000000 -101,000000 0,000000 0,000000
113 1662721346 0,800000 -1,000000 -101,000000 0,000000 0,000000
113 1662721347 0,800000 -1,000000 -101,000000 0,000000 0,000000
113 1662721348 0,800000 -1,000000 -101,000000 0,000000 0,000000
113 1662721349 1,400000 -1,000000 -101,000000 0,000000 0,000000
113 1662721350 1,400000 -1,000000 -101,000000 0,000000 0,000000
113 1662721351 1,400000 -1,000000 -101,000000 0,000000 0,000000
113 1662721352 1,400000 -1,000000 -101,000000 0,000000 0,000000
113 1662721353 1,400000 -1,000000 -101,000000 0,000000 0,000000
113 1662721354 0,600000 -1,000000 -101,000000 0,000000 0,000000
113 1662721355 0,600000 -1,000000 -101,000000 0,000000 0,000000
113 1662721356 0,600000 -1,000000 -101,000000 0,000000 0,000000
113 1662721357 0,600000 -1,000000 -101,000000 0,000000 0,000000
113 1662721358 0,600000 -1,000000 -101,000000 0,000000 0,000000
113 1662721359 1,000000 -1,000000 -101,000000 0,000000 0,000000
113 1662721360 1,000000 -1,000000 -101,000000 0,000000 0,000000
113 1662721361 1,000000 -1,000000 -101,000000 0,000000 0,000000
113 1662721362 1,000000 -1,000000 -101,000000 0,000000 0,000000
113 1662721363 1,000000 -1,000000 -101,000000 0,000000 0,000000
113 1662721364 0,800000 -1,000000 -101,000000 0,000000 0,000000
113 1662721365 0,800000 -1,000000 -101,000000 0,000000 0,000000
113 1662721366 0,800000 -1,000000 -101,000000 0,000000 0,000000
113 1662721367 0,800000 -1,000000 -101,000000 0,000000 0,000000
113 1662721368 0,800000 -1,000000 -101,000000 0,000000 0,000000
113 1662721369 1,000000 -1,000000 -101,000000 0,000000 0,000000
113 1662721370 1,000000 -1,000000 -101,000000 0,000000 0,000000
113 1662721371 1,000000 -1,000000 -101,000000 0,000000 0,000000
113 1662721372 1,000000 -1,000000 -101,000000 0,000000 0,000000
113 1662721373 1,000000 -1,000000 -101,000000 0,000000 0,000000
113 1662721374 1,800000 -1,000000 -101,000000 0,000000 0,000000
113 1662721375 1,800000 -1,000000 -101,000000 0,000000 0,000000
113 1662721376 1,800000 -1,000000 -101,000000 0,000000 0,000000
113 1662721377 1,800000 -1,000000 -101,000000 0,000000 0,000000
113 1662721378 1,800000 -1,000000 -101,000000 0,000000 0,000000
113 1662721379 1,600000 -1,000000 -101,000000 0,000000 0,000000
113 1662721380 1,600000 -1,000000 -101,000000 0,000000 0,000000
113 1662721381 1,600000 -1,000000 -101,000000 0,000000 0,000000
113 1662721382 1,600000 -1,000000 -101,000000 0,000000 0,000000
113 1662721383 1,600000 -1,000000 -101,000000 0,000000 0,000000
113 1662721384 2,400000 -1,000000 -101,000000 0,000000 0,000000
113 1662721385 2,400000 -1,000000 -101,000000 0,000000 0,000000
113 1662721386 2,400000 -1,000000 -101,000000 0,000000 0,000000
113 1662721387 2,400000 -1,000000 -101,000000 0,000000 0,000000
113 1662721388 2,400000 -1,000000 -101,000000 0,000000 0,000000
113 1662721389 0,600000 -1,000000 -101,000000 0,000000 0,000000
113 1662721390 0,600000 -1,000000 -101,000000 0,000000 0,000000
113 1662721391 0,600000 -1,000000 -101,000000 0,000000 0,000000
113 1662721392 0,600000 -1,000000 -101,000000 0,000000 0,000000
113 1662721393 0,600000 -1,000000 -101,000000 0,000000 0,000000
113 1662721394 1,000000 -1,000000 -101,000000 0,000000 0,000000
113 1662721395 1,000000 -1,000000 -101,000000 0,000000 0,000000
113 1662721396 1,000000 -1,000000 -101,000000 0,000000 0,000000
113 1662721397 1,000000 -1,000000 -101,000000 0,000000 0,000000
113 1662721398 1,000000 -1,000000 -101,000000 0,000000 0,000000
113 1662721399 0,400000 -1,000000 -101,000000 0,000000 0,000000
113 1662721400 0,400000 -1,000000 -101,000000 0,000000 0,000000
113 1662721401 0,400000 -1,000000 -101,000000 0,000000 0,000000
113 1662721402 0,400000 -1,000000 -101,000000 0,000000 0,000000
113 1662721403 0,400000 -1,000000 -101,000000 0,000000 0,000000
113 1662721404 0,600000 -1,000000 -101,000000 0,000000 0,000000
113 1662721405 0,600000 -1,000000 -101,000000 0,000000 0,000000
113 1662721406 0,600000 -1,000000 -101,000000 0,000000 0,000000
113 1662721407 0,600000 -1,000000 -101,000000 0,000000 0,000000
113 1662721408 0,600000 -1,000000 -101,000000 0,000000 0,000000
113 1662721409 1,400000 -1,000000 -101,000000 0,000000 0,000000
113 1662721410 1,400000 -1,000000 -101,000000 0,000000 0,000000
113 1662721411 1,400000 -1,000000 -101,000000 0,000000 0,000000
113 1662721412 1,400000 -1,000000 -101,000000 0,000000 0,000000
113 1662721413 1,400000 -1,000000 -101,000000 0,000000 0,000000
113 1662721414 0,800000 -1,000000 -101,000000 0,000000 0,000000
113 1662721415 0,800000 -1,000000 -101,000000 0,000000 0,000000
113 1662721416 0,800000 -1,000000 -101,000000 0,000000 0,000000
113 1662721417 0,800000 -1,000000 -101,000000 0,000000 0,000000
113 1662721418 0,800000 -1,000000 -101,000000 0,000000 0,000000
113 1662721419 1,400000 -1,000000 -101,000000 0,000000 0,000000
113 1662721420 1,400000 -1,000000 -101,000000 0,000000 0,000000
113 1662721421 1,400000 -1,000000 -101,000000 0,000000 0,000000
113 1662721422 1,400000 -1,000000 -101,000000 0,000000 0,000000
113 1662721423 1,400000 -1,000000 -101,000000 0,000000 0,000000
113 1662721424 1,200000 -1,000000 -101,000000 0,000000 0,000000
113 1662721425 1,200000 -1,000000 -101,000000 0,000000 0,000000
113 1662721426 1,200000 -1,000000 -101,000000 0,000000 0,000000
113 1662721427 1,200000 -1,000000 -101,000000 0,000000 0,000000
113 1662721428 1,200000 -1,000000 -101,000000 0,000000 0,000000
113 1662721429 1,000000 -1,000000 -101,000000 0,000000 0,000000
113 1662721430 1,000000 -1,000000 -101,000000 0,000000 0,000000
113 1662721431 1,000000 -1,000000 -101,000000 0,000000 0,000000
113 1662721432 1,000000 -1,000000 -101,000000 0,000000 0,000000
113 1662721433 1,000000 -1,000000 -101,000000 0,000000 0,000000
113 1662721434 1,400000 -1,000000 -101,000000 0,000000 0,000000
113 1662721435 1,400000 -1,000000 -101,000000 0,000000 0,000000
113 1662721436 1,400000 -1,000000 -101,000000 0,000000 0,000000
113 1662721437 1,400000 -1,000000 -101,000000 0,000000 0,000000
113 1662721438 1,400000 -1,000000 -101,000000 0,000000 0,000000
113 1662721439 0,800000 -1,000000 -101,000000 0,000000 0,000000
113 1662721440 0,800000 -1,000000 -101,000000 0,000000 0,000000
113 1662721441 0,800000 -1,000000 -101,000000 0,000000 0,000000
113 1662721442 0,800000 -1,000000 -101,000000 0,000000 0,000000
113 1662721443 0,800000 -1,000000 -101,000000 0,000000 0,000000
113 1662721444 2,000000 -1,000000 -101,000000 0,000000 0,000000
113 1662721445 2,000000 -1,000000 -101,000000 0,000000 0,000000
113 1662721446 2,000000 -1,000000 -101,000000 0,000000 0,000000
113 1662721447 2,000000 -1,000000 -101,000000 0,000000 0,000000
113 1662721448 2,000000 -1,000000 -101,000000 0,000000 0,000000
113 1662721449 0,800000 -1,000000 -101,000000 0,000000 0,000000
113 1662721450 0,800000 -1,000000 -101,000000 0,000000 0,000000
113 1662721451 0,800000 -1,000000 -101,000000 0,000000 0,000000
113 1662721452 0,800000 -1,000000 -101,000000 0,000000 0,000000
113 1662721453 0,800000 -1,000000 -101,000000 0,000000 0,000000
113 1662721454 0,800000 -1,000000 -101,000000 0,000000 0,000000
113 1662721455 0,800000 -1,000000 -101,000000 0,000000 0,000000
113 1662721456 0,800000 -1,000000 -101,000000 0,000000 0,000000
113 1662721457 0,800000 -1,000000 -101,000000 0,000000 0,000000
113 1662721458 0,800000 -1,000000 -101,000000 0,000000 0,000000
113 1662721459 1,600000 -1,000000 -101,000000 0,000000 0,000000
113 1662721460 1,600000 -1,000000 -101,000000 0,000000 0,000000
113 1662721461 1,600000 -1,000000 -101,000000 0,000000 0,000000
113 1662721462 1,600000 -1,000000 -101,000000 0,000000 0,000000
113 1662721463 1,600000 -1,000000 -101,000000 0,000000 0,000000
113 1662721464 0,400000 -1,000000 -101,000000 0,000000 0,000000
113 1662721465 0,400000 -1,000000 -101,000000 0,000000 0,000000
113 1662721466 0,400000 -1,000000 -101,000000 0,000000 0,000000
113 1662721467 0,400000 -1,000000 -101,000000 0,000000 0,000000
113 1662721468 0,400000 -1,000000 -101,000000 0,000000 0,000000
113 1662721469 1,200000 -1,000000 -101,000000 0,000000 0,000000
113 1662721470 1,200000 -1,000000 -101,000000 0,000000 0,000000
113 1662721471 1,200000 -1,000000 -101,000000 0,000000 0,000000
113 1662721472 1,200000 -1,000000 -101,000000 0,000000 0,000000
113 1662721473 1,200000 -1,000000 -101,000000 0,000000 0,000000
113 1662721474 0,800000 -1,000000 -101,000000 0,000000 0,000000
113 1662721475 0,800000 -1,000000 -101,000000 0,000000 0,000000
113 1662721476 0,800000 -1,000000 -101,000000 0,000000 0,000000
113 1662721477 0,800000 -1,000000 -101,000000 0,000000 0,000000
113 1662721478 0,800000 -1,000000 -101,000000 0,000000 0,000000
113 1662721479 0,600000 -1,000000 -101,000000 0,000000 0,000000
113 1662721480 0,600000 -1,000000 -101,000000 0,000000 0,000000
113 1662721481 0,600000 -1,000000 -101,000000 0,000000 0,000000
113 1662721482 0,600000 -1,000000 -101,000000 0,000000 0,000000
113 1662721483 0,600000 -1,000000 -101,000000 0,000000 0,000000
113 1662721484 1,600000 -1,000000 -101,000000 0,000000 0,000000
113 1662721485 1,600000 -1,000000 -101,000000 0,000000 0,000000
113 1662721486 1,600000 -1,000000 -101,000000 0,000000 0,000000
113 1662721487 1,600000 -1,000000 -101,000000 0,000000 0,000000
113 1662721488 1,600000 -1,000000 -101,000000 0,000000 0,000000
113 1662721489 0,600000 -1,000000 -101,000000 0,000000 0,000000
113 1662721490 0,600000 -1,000000 -101,000000 0,000000 0,000000
113 1662721491 0,600000 -1,000000 -101,000000 0,000000 0,000000
113 1662721492 0,600000 -1,000000 -101,000000 0,000000 0,000000
113 1662721493 0,600000 -1,000000 -101,000000 0,000000 0,000000
113 1662721494 0,800000 -1,000000 -101,000000 0,000000 0,000000
113 1662721495 0,800000 -1,000000 -101,000000 0,000000 0,000000
113 1662721496 0,800000 -1,000000 -101,000000 0,000000 0,000000
113 1662721497 0,800000 -1,000000 -101,000000 0,000000 0,000000
113 1662721498 0,800000 -1,000000 -101,000000 0,000000 0,000000
113 1662721499 1,200000 -1,000000 -101,000000 0,000000 0,000000
113 1662721500 1,200000 -1,000000 -101,000000 0,000000 0,000000
113 1662721501 1,200000 -1,000000 -101,000000 0,000000 0,000000
113 1662721502 1,200000 -1,000000 -101,000000 0,000000 0,000000
113 1662721503 1,200000 -1,000000 -101,000000 0,000000 0,000000
113 1662721504 1,400000 -1,000000 -101,000000 0,000000 0,000000
113 1662721505 1,400000 -1,000000 -101,000000 0,000000 0,000000
113 1662721506 1,400000 -1,000000 -101,000000 0,000000 0,000000
113 1662721507 1,400000 -1,000000 -101,000000 0,000000 0,000000
113 1662721508 1,400000 -1,000000 -101,000000 0,000000 0,000000
113 1662721509 0,800000 -1,000000 -101,000000 0,000000 0,000000
113 1662721510 0,800000 -1,000000 -101,000000 0,000000 0,000000
113 1662721511 0,800000 -1,000000 -101,000000 0,000000 0,000000
113 1662721512 0,800000 -1,000000 -101,000000 0,000000 0,000000
113 1662721513 0,800000 -1,000000 -101,000000 0,000000 0,000000
113 1662721514 1,000000 -1,000000 -101,000000 0,000000 0,000000
113 1662721515 1,000000 -1,000000 -101,000000 0,000000 0,000000
113 1662721516 1,000000 -1,000000 -101,000000 0,000000 0,000000
113 1662721517 1,000000 -1,000000 -101,000000 0,000000 0,000000
113 1662721518 1,000000 -1,000000 -101,000000 0,000000 0,000000
113 1662721519 1,800000 -1,000000 -101,000000 0,000000 0,000000
113 1662721520 1,800000 -1,000000 -101,000000 0,000000 0,000000
113 1662721521 1,800000 -1,000000 -101,000000 0,000000 0,000000
113 1662721522 1,800000 -1,000000 -101,000000 0,000000 0,000000
113 1662721523 1,800000 -1,000000 -101,000000 0,000000 0,000000
113 1662721524 1,000000 -1,000000 -101,000000 0,000000 0,000000
113 1662721525 1,000000 -1,000000 -101,000000 0,000000 0,000000
113 1662721526 1,000000 -1,000000 -101,000000 0,000000 0,000000
113 1662721527 1,000000 -1,000000 -101,000000 0,000000 0,000000
113 1662721528 1,000000 -1,000000 -101,000000 0,000000 0,000000
113 1662721529 1,600000 -1,000000 -101,000000 0,000000 0,000000
113 1662721530 1,600000 -1,000000 -101,000000 0,000000 0,000000
113 1662721531 1,600000 -1,000000 -101,000000 0,000000 0,000000
113 1662721532 1,600000 -1,000000 -101,000000 0,000000 0,000000
113 1662721533 1,600000 -1,000000 -101,000000 0,000000 0,000000
113 1662721534 2,000000 -1,000000 -101,000000 0,000000 0,000000
113 1662721535 2,000000 -1,000000 -101,000000 0,000000 0,000000
113 1662721536 2,000000 -1,000000 -101,000000 0,000000 0,000000
113 1662721537 2,000000 -1,000000 -101,000000 0,000000 0,000000
113 1662721538 2,000000 -1,000000 -101,000000 0,000000 0,000000
113 1662721539 0,400000 -1,000000 -101,000000 0,000000 0,000000
113 1662721540 0,400000 -1,000000 -101,000000 0,000000 0,000000
113 1662721541 0,400000 -1,000000 -101,000000 0,000000 0,000000
113 1662721542 0,400000 -1,000000 -101,000000 0,000000 0,000000
113 1662721543 0,400000 -1,000000 -101,000000 0,000000 0,000000
113 1662721544 0,800000 -1,000000 -101,000000 0,000000 0,000000
113 1662721545 0,800000 -1,000000 -101,000000 0,000000 0,000000
113 1662721546 0,800000 -1,000000 -101,000000 0,000000 0,000000
113 1662721547 0,800000 -1,000000 -101,000000 0,000000 0,000000
113 1662721548 0,800000 -1,000000 -101,000000 0,000000 0,000000
113 1662721549 0,600000 -1,000000 -101,000000 0,000000 0,000000
113 1662721550 0,600000 -1,000000 -101,000000 0,000000 0,000000
113 1662721551 0,600000 -1,000000 -101,000000 0,000000 0,000000
113 1662721552 0,600000 -1,000000 -101,000000 0,000000 0,000000
113 1662721553 0,600000 -1,000000 -101,000000 0,000000 0,000000
113 1662721554 0,600000 -1,000000 -101,000000 0,000000 0,000000
113 1662721555 0,600000 -1,000000 -101,000000 0,000000 0,000000
113 1662721556 0,600000 -1,000000 -101,000000 0,000000 0,000000
113 1662721557 0,600000 -1,000000 -101,000000 0,000000 0,000000
113 1662721558 0,600000 -1,000000 -101,000000 0,000000 0,000000
113 1662721559 0,800000 -1,000000 -101,000000 0,000000 0,000000
113 1662721560 0,800000 -1,000000 -101,000000 0,000000 0,000000
113 1662721561 0,800000 -1,000000 -101,000000 0,000000 0,000000
113 1662721562 0,800000 -1,000000 -101,000000 0,000000 0,000000
113 1662721563 0,800000 -1,000000 -101,000000 0,000000 0,000000
113 1662721564 1,200000 -1,000000 -101,000000 0,000000 0,000000
113 1662721565 1,200000 -1,000000 -101,000000 0,000000 0,000000
113 1662721566 1,200000 -1,000000 -101,000000 0,000000 0,000000
113 1662721567 1,200000 -1,000000 -101,000000 0,000000 0,000000
113 1662721568 1,200000 -1,000000 -101,000000 0,000000 0,000000
113 1662721569 1,800000 -1,000000 -101,000000 0,000000 0,000000
113 1662721570 1,800000 -1,000000 -101,000000 0,000000 0,000000
113 1662721571 1,800000 -1,000000 -101,000000 0,000000 0,000000
113 1662721572 1,800000 -1,000000 -101,000000 0,000000 0,000000
113 1662721573 1,800000 -1,000000 -101,000000 0,000000 0,000000
113 1662721574 0,800000 -1,000000 -101,000000 0,000000 0,000000
113 1662721575 0,800000 -1,000000 -101,000000 0,000000 0,000000
113 1662721576 0,800000 -1,000000 -101,000000 0,000000 0,000000
113 1662721577 0,800000 -1,000000 -101,000000 0,000000 0,000000
113 1662721578 0,800000 -1,000000 -101,000000 0,000000 0,000000
113 1662721579 1,000000 -1,000000 -101,000000 0,000000 0,000000
113 1662721580 1,000000 -1,000000 -101,000000 0,000000 0,000000
113 1662721581 1,000000 -1,000000 -101,000000 0,000000 0,000000
113 1662721582 1,000000 -1,000000 -101,000000 0,000000 0,000000
113 1662721583 1,000000 -1,000000 -101,000000 0,000000 0,000000
113 1662721584 1,200000 -1,000000 -101,000000 0,000000 0,000000
113 1662721585 1,200000 -1,000000 -101,000000 0,000000 0,000000
113 1662721586 1,200000 -1,000000 -101,000000 0,000000 0,000000
113 1662721587 1,200000 -1,000000 -101,000000 0,000000 0,000000
113 1662721588 1,200000 -1,000000 -101,000000 0,000000 0,000000
113 1662721589 1,600000 -1,000000 -101,000000 0,000000 0,000000
113 1662721590 1,600000 -1,000000 -101,000000 0,000000 0,000000
113 1662721591 1,600000 -1,000000 -101,000000 0,000000 0,000000
113 1662721592 1,600000 -1,000000 -101,000000 0,000000 0,000000
113 1662721593 1,600000 -1,000000 -101,000000 0,000000 0,000000
113 1662721594 1,400000 -1,000000 -101,000000 0,000000 0,000000
113 1662721595 1,400000 -1,000000 -101,000000 0,000000 0,000000
113 1662721596 1,400000 -1,000000 -101,000000 0,000000 0,000000
113 1662721597 1,400000 -1,000000 -101,000000 0,000000 0,000000
113 1662721598 1,400000 -1,000000 -101,000000 0,000000 0,000000
113 1662721599 1,600000 -1,000000 -101,000000 0,000000 0,000000
113 1662721600 1,600000 -1,000000 -101,000000 0,000000 0,000000
113 1662721601 1,600000 -1,000000 -101,000000 0,000000 0,000000
113 1662721602 1,600000 -1,000000 -101,000000 0,000000 0,000000
113 1662721603 1,600000 -1,000000 -101,000000 0,000000 0,000000
113 1662721604 0,800000 -1,000000 -101,000000 0,000000 0,000000
113 1662721605 0,800000 -1,000000 -101,000000 0,000000 0,000000
113 1662721606 0,800000 -1,000000 -101,000000 0,000000 0,000000
113 1662721607 0,800000 -1,000000 -101,000000 0,000000 0,000000
113 1662721608 0,800000 -1,000000 -101,000000 0,000000 0,000000
113 1662721609 1,400000 -1,000000 -101,000000 0,000000 0,000000
113 1662721610 1,400000 -1,000000 -101,000000 0,000000 0,000000
113 1662721611 1,400000 -1,000000 -101,000000 0,000000 0,000000
113 1662721612 1,400000 -1,000000 -101,000000 0,000000 0,000000
113 1662721613 1,400000 -1,000000 -101,000000 0,000000 0,000000
113 1662721614 0,400000 -1,000000 -101,000000 0,000000 0,000000
113 1662721615 0,400000 -1,000000 -101,000000 0,000000 0,000000
113 1662721616 0,400000 -1,000000 -101,000000 0,000000 0,000000
113 1662721617 0,400000 -1,000000 -101,000000 0,000000 0,000000
113 1662721618 0,400000 -1,000000 -101,000000 0,000000 0,000000
113 1662721619 1,000000 -1,000000 -101,000000 0,000000 0,000000
113 1662721620 1,000000 -1,000000 -101,000000 0,000000 0,000000
113 1662721621 1,000000 -1,000000 -101,000000 0,000000 0,000000
113 1662721622 1,000000 -1,000000 -101,000000 0,000000 0,000000
113 1662721623 1,000000 -1,000000 -101,000000 0,000000 0,000000
113 1662721624 0,800000 -1,000000 -101,000000 0,000000 0,000000
113 1662721625 0,800000 -1,000000 -101,000000 0,000000 0,000000
113 1662721626 0,800000 -1,000000 -101,000000 0,000000 0,000000
113 1662721627 0,800000 -1,000000 -101,000000 0,000000 0,000000
113 1662721628 0,800000 -1,000000 -101,000000 0,000000 0,000000
113 1662721629 1,000000 -1,000000 -101,000000 0,000000 0,000000
113 1662721630 1,000000 -1,000000 -101,000000 0,000000 0,000000
113 1662721631 1,000000 -1,000000 -101,000000 0,000000 0,000000
113 1662721632 1,000000 -1,000000 -101,000000 0,000000 0,000000
113 1662721633 1,000000 -1,000000 -101,000000 0,000000 0,000000
113 1662721634 1,200000 -1,000000 -101,000000 0,000000 0,000000
113 1662721635 1,200000 -1,000000 -101,000000 0,000000 0,000000
113 1662721636 1,200000 -1,000000 -101,000000 0,000000 0,000000
113 1662721637 1,200000 -1,000000 -101,000000 0,000000 0,000000
113 1662721638 1,200000 -1,000000 -101,000000 0,000000 0,000000
113 1662721639 0,800000 -1,000000 -101,000000 0,000000 0,000000
113 1662721640 0,800000 -1,000000 -101,000000 0,000000 0,000000
113 1662721641 0,800000 -1,000000 -101,000000 0,000000 0,000000
113 1662721642 0,800000 -1,000000 -101,000000 0,000000 0,000000
113 1662721643 0,800000 -1,000000 -101,000000 0,000000 0,000000
113 1662721644 1,000000 -1,000000 -101,000000 0,000000 0,000000
113 1662721645 1,000000 -1,000000 -101,000000 0,000000 0,000000
113 1662721646 1,000000 -1,000000 -101,000000 0,000000 0,000000
113 1662721647 1,000000 -1,000000 -101,000000 0,000000 0,000000
113 1662721648 1,000000 -1,000000 -101,000000 0,000000 0,000000
113 1662721649 0,800000 -1,000000 -101,000000 0,000000 0,000000
113 1662721650 0,800000 -1,000000 -101,000000 0,000000 0,000000
113 1662721651 0,800000 -1,000000 -101,000000 0,000000 0,000000
113 1662721652 0,800000 -1,000000 -101,000000 0,000000 0,000000
113 1662721653 0,800000 -1,000000 -101,000000 0,000000 0,000000
113 1662721654 1,000000 -1,000000 -101,000000 0,000000 0,000000
113 1662721655 1,000000 -1,000000 -101,000000 0,000000 0,000000
113 1662721656 1,000000 -1,000000 -101,000000 0,000000 0,000000
113 1662721657 1,000000 -1,000000 -101,000000 0,000000 0,000000
113 1662721658 1,000000 -1,000000 -101,000000 0,000000 0,000000
113 1662721659 2,400000 -1,000000 -101,000000 0,000000 0,000000
113 1662721660 2,400000 -1,000000 -101,000000 0,000000 0,000000
113 1662721661 2,400000 -1,000000 -101,000000 0,000000 0,000000
113 1662721662 2,400000 -1,000000 -101,000000 0,000000 0,000000
113 1662721663 2,400000 -1,000000 -101,000000 0,000000 0,000000
113 1662721664 0,800000 -1,000000 -101,000000 0,000000 0,000000
113 1662721665 0,800000 -1,000000 -101,000000 0,000000 0,000000
113 1662721666 0,800000 -1,000000 -101,000000 0,000000 0,000000
113 1662721667 0,800000 -1,000000 -101,000000 0,000000 0,000000
113 1662721668 0,800000 -1,000000 -101,000000 0,000000 0,000000
113 1662721669 2,200000 -1,000000 -101,000000 0,000000 0,000000
113 1662721670 2,200000 -1,000000 -101,000000 0,000000 0,000000
113 1662721671 2,200000 -1,000000 -101,000000 0,000000 0,000000
113 1662721672 2,200000 -1,000000 -101,000000 0,000000 0,000000
113 1662721673 2,200000 -1,000000 -101,000000 0,000000 0,000000
113 1662721674 1,200000 -1,000000 -101,000000 0,000000 0,000000
113 1662721675 1,200000 -1,000000 -101,000000 0,000000 0,000000
113 1662721676 1,200000 -1,000000 -101,000000 0,000000 0,000000
113 1662721677 1,200000 -1,000000 -101,000000 0,000000 0,000000
113 1662721678 1,200000 -1,000000 -101,000000 0,000000 0,000000
113 1662721679 0,600000 -1,000000 -101,000000 0,000000 0,000000
113 1662721680 0,600000 -1,000000 -101,000000 0,000000 0,000000
113 1662721681 0,600000 -1,000000 -101,000000 0,000000 0,000000
113 1662721682 0,600000 -1,000000 -101,000000 0,000000 0,000000
113 1662721683 0,600000 -1,000000 -101,000000 0,000000 0,000000
113 1662721684 1,400000 -1,000000 -101,000000 0,000000 0,000000
113 1662721685 1,400000 -1,000000 -101,000000 0,000000 0,000000
113 1662721686 1,400000 -1,000000 -101,000000 0,000000 0,000000
113 1662721687 1,400000 -1,000000 -101,000000 0,000000 0,000000
113 1662721688 1,400000 -1,000000 -101,000000 0,000000 0,000000
113 1662721689 0,800000 -1,000000 -101,000000 0,000000 0,000000
113 1662721690 0,800000 -1,000000 -101,000000 0,000000 0,000000
113 1662721691 0,800000 -1,000000 -101,000000 0,000000 0,000000
113 1662721692 0,800000 -1,000000 -101,000000 0,000000 0,000000
113 1662721693 0,800000 -1,000000 -101,000000 0,000000 0,000000
113 1662721694 0,400000 -1,000000 -101,000000 0,000000 0,000000
113 1662721695 0,400000 -1,000000 -101,000000 0,000000 0,000000
113 1662721696 0,400000 -1,000000 -101,000000 0,000000 0,000000
113 1662721697 0,400000 -1,000000 -101,000000 0,000000 0,000000
113 1662721698 0,400000 -1,000000 -101,000000 0,000000 0,000000
113 1662721699 0,600000 -1,000000 -101,000000 0,000000 0,000000
113 1662721700 0,600000 -1,000000 -101,000000 0,000000 0,000000
113 1662721701 0,600000 -1,000000 -101,000000 0,000000 0,000000
113 1662721702 0,600000 -1,000000 -101,000000 0,000000 0,000000
113 1662721703 0,600000 -1,000000 -101,000000 0,000000 0,000000
113 1662721704 0,600000 -1,000000 -101,000000 0,000000 0,000000
113 1662721705 0,600000 -1,000000 -101,000000 0,000000 0,000000
113 1662721706 0,600000 -1,000000 -101,000000 0,000000 0,000000
113 1662721707 0,600000 -1,000000 -101,000000 0,000000 0,000000
113 1662721708 0,600000 -1,000000 -101,000000 0,000000 0,000000
113 1662721709 0,800000 -1,000000 -101,000000 0,000000 0,000000
113 1662721710 0,800000 -1,000000 -101,000000 0,000000 0,000000
113 1662721711 0,800000 -1,000000 -101,000000 0,000000 0,000000
113 1662721712 0,800000 -1,000000 -101,000000 0,000000 0,000000
113 1662721713 0,800000 -1,000000 -101,000000 0,000000 0,000000
113 1662721714 0,800000 -1,000000 -101,000000 0,000000 0,000000
113 1662721715 0,800000 -1,000000 -101,000000 0,000000 0,000000
113 1662721716 0,800000 -1,000000 -101,000000 0,000000 0,000000
113 1662721717 0,800000 -1,000000 -101,000000 0,000000 0,000000
113 1662721718 0,800000 -1,000000 -101,000000 0,000000 0,000000
113 1662721719 2,200000 -1,000000 -101,000000 0,000000 0,000000
113 1662721720 2,200000 -1,000000 -101,000000 0,000000 0,000000
113 1662721721 2,200000 -1,000000 -101,000000 0,000000 0,000000
113 1662721722 2,200000 -1,000000 -101,000000 0,000000 0,000000
113 1662721723 2,200000 -1,000000 -101,000000 0,000000 0,000000
113 1662721724 1,200000 -1,000000 -101,000000 0,000000 0,000000
113 1662721725 1,200000 -1,000000 -101,000000 0,000000 0,000000
113 1662721726 1,200000 -1,000000 -101,000000 0,000000 0,000000
113 1662721727 1,200000 -1,000000 -101,000000 0,000000 0,000000
113 1662721728 1,200000 -1,000000 -101,000000 0,000000 0,000000
113 1662721729 2,200000 -1,000000 -101,000000 0,000000 0,000000
113 1662721730 2,200000 -1,000000 -101,000000 0,000000 0,000000
113 1662721731 2,200000 -1,000000 -101,000000 0,000000 0,000000
113 1662721732 2,200000 -1,000000 -101,000000 0,000000 0,000000
113 1662721733 2,200000 -1,000000 -101,000000 0,000000 0,000000
113 1662721734 1,800000 -1,000000 -101,000000 0,000000 0,000000
113 1662721735 1,800000 -1,000000 -101,000000 0,000000 0,000000
113 1662721736 1,800000 -1,000000 -101,000000 0,000000 0,000000
113 1662721737 1,800000 -1,000000 -101,000000 0,000000 0,000000
113 1662721738 1,800000 -1,000000 -101,000000 0,000000 0,000000
113 1662721739 1,200000 -1,000000 -101,000000 0,000000 0,000000
113 1662721740 1,200000 -1,000000 -101,000000 0,000000 0,000000
113 1662721741 1,200000 -1,000000 -101,000000 0,000000 0,000000
113 1662721742 1,200000 -1,000000 -101,000000 0,000000 0,000000
113 1662721743 1,200000 -1,000000 -101,000000 0,000000 0,000000
113 1662721744 0,600000 -1,000000 -101,000000 0,000000 0,000000
113 1662721745 0,600000 -1,000000 -101,000000 0,000000 0,000000
113 1662721746 0,600000 -1,000000 -101,000000 0,000000 0,000000
113 1662721747 0,600000 -1,000000 -101,000000 0,000000 0,000000
113 1662721748 0,600000 -1,000000 -101,000000 0,000000 0,000000
113 1662721749 0,600000 -1,000000 -101,000000 0,000000 0,000000
113 1662721750 0,600000 -1,000000 -101,000000 0,000000 0,000000
113 1662721751 0,600000 -1,000000 -101,000000 0,000000 0,000000
113 1662721752 0,600000 -1,000000 -101,000000 0,000000 0,000000
113 1662721753 0,600000 -1,000000 -101,000000 0,000000 0,000000
113 1662721754 1,200000 -1,000000 -101,000000 0,000000 0,000000
113 1662721755 1,200000 -1,000000 -101,000000 0,000000 0,000000
113 1662721756 1,200000 -1,000000 -101,000000 0,000000 0,000000
113 1662721757 1,200000 -1,000000 -101,000000 0,000000 0,000000
113 1662721758 1,200000 -1,000000 -101,000000 0,000000 0,000000
113 1662721759 0,400000 -1,000000 -101,000000 0,000000 0,000000
113 1662721760 0,400000 -1,000000 -101,000000 0,000000 0,000000
113 1662721761 0,400000 -1,000000 -101,000000 0,000000 0,000000
113 1662721762 0,400000 -1,000000 -101,000000 0,000000 0,000000
113 1662721763 0,400000 -1,000000 -101,000000 0,000000 0,000000
113 1662721764 0,400000 -1,000000 -101,000000 0,000000 0,000000
113 1662721765 0,400000 -1,000000 -101,000000 0,000000 0,000000
113 1662721766 0,400000 -1,000000 -101,000000 0,000000 0,000000
113 1662721767 0,400000 -1,000000 -101,000000 0,000000 0,000000
113 1662721768 0,400000 -1,000000 -101,000000 0,000000 0,000000
113 1662721769 0,600000 -1,000000 -101,000000 0,000000 0,000000
113 1662721770 0,600000 -1,000000 -101,000000 0,000000 0,000000
113 1662721771 0,600000 -1,000000 -101,000000 0,000000 0,000000
113 1662721772 0,600000 -1,000000 -101,000000 0,000000 0,000000
113 1662721773 0,600000 -1,000000 -101,000000 0,000000 0,000000
113 1662721774 0,800000 -1,000000 -101,000000 0,000000 0,000000
113 1662721775 0,800000 -1,000000 -101,000000 0,000000 0,000000
113 1662721776 0,800000 -1,000000 -101,000000 0,000000 0,000000
113 1662721777 0,800000 -1,000000 -101,000000 0,000000 0,000000
113 1662721778 0,800000 -1,000000 -101,000000 0,000000 0,000000
113 1662721779 1,600000 -1,000000 -101,000000 0,000000 0,000000
113 1662721780 1,600000 -1,000000 -101,000000 0,000000 0,000000
113 1662721781 1,600000 -1,000000 -101,000000 0,000000 0,000000
113 1662721782 1,600000 -1,000000 -101,000000 0,000000 0,000000
113 1662721783 1,600000 -1,000000 -101,000000 0,000000 0,000000
113 1662721784 1,400000 -1,000000 -101,000000 0,000000 0,000000
113 1662721785 1,400000 -1,000000 -101,000000 0,000000 0,000000
113 1662721786 1,400000 -1,000000 -101,000000 0,000000 0,000000
113 1662721787 1,400000 -1,000000 -101,000000 0,000000 0,000000
113 1662721788 1,400000 -1,000000 -101,000000 0,000000 0,000000
113 1662721789 1,200000 -1,000000 -101,000000 0,000000 0,000000
113 1662721790 1,200000 -1,000000 -101,000000 0,000000 0,000000
113 1662721791 1,200000 -1,000000 -101,000000 0,000000 0,000000
113 1662721792 1,200000 -1,000000 -101,000000 0,000000 0,000000
113 1662721793 1,200000 -1,000000 -101,000000 0,000000 0,000000
113 1662721794 1,600000 -1,000000 -101,000000 0,000000 0,000000
113 1662721795 1,600000 -1,000000 -101,000000 0,000000 0,000000
113 1662721796 1,600000 -1,000000 -101,000000 0,000000 0,000000
113 1662721797 1,600000 -1,000000 -101,000000 0,000000 0,000000
113 1662721798 1,600000 -1,000000 -101,000000 0,000000 0,000000
113 1662721799 1,400000 -1,000000 -101,000000 0,000000 0,000000
113 1662721800 1,400000 -1,000000 -101,000000 0,000000 0,000000
113 1662721801 1,400000 -1,000000 -101,000000 0,000000 0,000000
113 1662721802 1,400000 -1,000000 -101,000000 0,000000 0,000000
113 1662721803 1,400000 -1,000000 -101,000000 0,000000 0,000000
113 1662721804 0,600000 -1,000000 -101,000000 0,000000 0,000000
113 1662721805 0,600000 -1,000000 -101,000000 0,000000 0,000000
113 1662721806 0,600000 -1,000000 -101,000000 0,000000 0,000000
113 1662721807 0,600000 -1,000000 -101,000000 0,000000 0,000000
113 1662721808 0,600000 -1,000000 -101,000000 0,000000 0,000000
113 1662721809 1,200000 -1,000000 -101,000000 0,000000 0,000000
113 1662721810 1,200000 -1,000000 -101,000000 0,000000 0,000000
113 1662721811 1,200000 -1,000000 -101,000000 0,000000 0,000000
113 1662721812 1,200000 -1,000000 -101,000000 0,000000 0,000000
113 1662721813 1,200000 -1,000000 -101,000000 0,000000 0,000000
113 1662721814 1,800000 -1,000000 -101,000000 0,000000 0,000000
113 1662721815 1,800000 -1,000000 -101,000000 0,000000 0,000000
113 1662721816 1,800000 -1,000000 -101,000000 0,000000 0,000000
113 1662721817 1,800000 -1,000000 -101,000000 0,000000 0,000000
113 1662721818 1,800000 -1,000000 -101,000000 0,000000 0,000000
113 1662721819 0,800000 -1,000000 -101,000000 0,000000 0,000000
113 1662721820 0,800000 -1,000000 -101,000000 0,000000 0,000000
113 1662721821 0,800000 -1,000000 -101,000000 0,000000 0,000000
113 1662721822 0,800000 -1,000000 -101,000000 0,000000 0,000000
113 1662721823 0,800000 -1,000000 -101,000000 0,000000 0,000000
113 1662721824 0,800000 -1,000000 -101,000000 0,000000 0,000000
113 1662721825 0,800000 -1,000000 -101,000000 0,000000 0,000000
113 1662721826 0,800000 -1,000000 -101,000000 0,000000 0,000000
113 1662721827 0,800000 -1,000000 -101,000000 0,000000 0,000000
113 1662721828 0,800000 -1,000000 -101,000000 0,000000 0,000000
113 1662721829 1,200000 -1,000000 -101,000000 0,000000 0,000000
113 1662721830 1,200000 -1,000000 -101,000000 0,000000 0,000000
113 1662721831 1,200000 -1,000000 -101,000000 0,000000 0,000000
113 1662721832 1,200000 -1,000000 -101,000000 0,000000 0,000000
113 1662721833 1,200000 -1,000000 -101,000000 0,000000 0,000000
113 1662721834 1,200000 -1,000000 -101,000000 0,000000 0,000000
113 1662721835 1,200000 -1,000000 -101,000000 0,000000 0,000000
113 1662721836 1,200000 -1,000000 -101,000000 0,000000 0,000000
113 1662721837 1,200000 -1,000000 -101,000000 0,000000 0,000000
113 1662721838 1,200000 -1,000000 -101,000000 0,000000 0,000000
113 1662721839 0,600000 -1,000000 -101,000000 0,000000 0,000000
113 1662721840 0,600000 -1,000000 -101,000000 0,000000 0,000000
113 1662721841 0,600000 -1,000000 -101,000000 0,000000 0,000000
113 1662721842 0,600000 -1,000000 -101,000000 0,000000 0,000000
113 1662721843 0,600000 -1,000000 -101,000000 0,000000 0,000000
113 1662721844 1,800000 -1,000000 -101,000000 0,000000 0,000000
113 1662721845 1,800000 -1,000000 -101,000000 0,000000 0,000000
113 1662721846 1,800000 -1,000000 -101,000000 0,000000 0,000000
113 1662721847 1,800000 -1,000000 -101,000000 0,000000 0,000000
113 1662721848 1,800000 -1,000000 -101,000000 0,000000 0,000000
113 1662721849 0,600000 -1,000000 -101,000000 0,000000 0,000000
113 1662721850 0,600000 -1,000000 -101,000000 0,000000 0,000000
113 1662721851 0,600000 -1,000000 -101,000000 0,000000 0,000000
113 1662721852 0,600000 -1,000000 -101,000000 0,000000 0,000000
113 1662721853 0,600000 -1,000000 -101,000000 0,000000 0,000000
113 1662721854 1,000000 -1,000000 -101,000000 0,000000 0,000000
113 1662721855 1,000000 -1,000000 -101,000000 0,000000 0,000000
113 1662721856 1,000000 -1,000000 -101,000000 0,000000 0,000000
113 1662721857 1,000000 -1,000000 -101,000000 0,000000 0,000000
113 1662721858 1,000000 -1,000000 -101,000000 0,000000 0,000000
113 1662721859 0,600000 -1,000000 -101,000000 0,000000 0,000000
113 1662721860 0,600000 -1,000000 -101,000000 0,000000 0,000000
113 1662721861 0,600000 -1,000000 -101,000000 0,000000 0,000000
113 1662721862 0,600000 -1,000000 -101,000000 0,000000 0,000000
113 1662721863 0,600000 -1,000000 -101,000000 0,000000 0,000000
113 1662721864 0,800000 -1,000000 -101,000000 0,000000 0,000000
113 1662721865 0,800000 -1,000000 -101,000000 0,000000 0,000000
113 1662721866 0,800000 -1,000000 -101,000000 0,000000 0,000000
113 1662721867 0,800000 -1,000000 -101,000000 0,000000 0,000000
113 1662721868 0,800000 -1,000000 -101,000000 0,000000 0,000000
113 1662721869 1,400000 -1,000000 -101,000000 0,000000 0,000000
113 1662721870 1,400000 -1,000000 -101,000000 0,000000 0,000000
113 1662721871 1,400000 -1,000000 -101,000000 0,000000 0,000000
113 1662721872 1,400000 -1,000000 -101,000000 0,000000 0,000000
113 1662721873 1,400000 -1,000000 -101,000000 0,000000 0,000000
113 1662721874 1,600000 -1,000000 -101,000000 0,000000 0,000000
113 1662721875 1,600000 -1,000000 -101,000000 0,000000 0,000000
113 1662721876 1,600000 -1,000000 -101,000000 0,000000 0,000000
113 1662721877 1,600000 -1,000000 -101,000000 0,000000 0,000000
113 1662721878 1,600000 -1,000000 -101,000000 0,000000 0,000000
113 1662721879 1,400000 -1,000000 -101,000000 0,000000 0,000000
113 1662721880 1,400000 -1,000000 -101,000000 0,000000 0,000000
113 1662721881 1,400000 -1,000000 -101,000000 0,000000 0,000000
113 1662721882 1,400000 -1,000000 -101,000000 0,000000 0,000000
113 1662721883 1,400000 -1,000000 -101,000000 0,000000 0,000000
113 1662721884 2,000000 -1,000000 -101,000000 0,000000 0,000000
113 1662721885 2,000000 -1,000000 -101,000000 0,000000 0,000000
113 1662721886 2,000000 -1,000000 -101,000000 0,000000 0,000000
113 1662721887 2,000000 -1,000000 -101,000000 0,000000 0,000000
113 1662721888 2,000000 -1,000000 -101,000000 0,000000 0,000000
113 1662721889 0,800000 -1,000000 -101,000000 0,000000 0,000000
113 1662721890 0,800000 -1,000000 -101,000000 0,000000 0,000000
113 1662721891 0,800000 -1,000000 -101,000000 0,000000 0,000000
113 1662721892 0,800000 -1,000000 -101,000000 0,000000 0,000000
113 1662721893 0,800000 -1,000000 -101,000000 0,000000 0,000000
113 1662721894 0,600000 -1,000000 -101,000000 0,000000 0,000000
113 1662721895 0,600000 -1,000000 -101,000000 0,000000 0,000000
113 1662721896 0,600000 -1,000000 -101,000000 0,000000 0,000000
113 1662721897 0,600000 -1,000000 -101,000000 0,000000 0,000000
113 1662721898 0,600000 -1,000000 -101,000000 0,000000 0,000000
113 1662721899 0,800000 -1,000000 -101,000000 0,000000 0,000000
113 1662721900 0,800000 -1,000000 -101,000000 0,000000 0,000000
113 1662721901 0,800000 -1,000000 -101,000000 0,000000 0,000000
113 1662721902 0,800000 -1,000000 -101,000000 0,000000 0,000000
113 1662721903 0,800000 -1,000000 -101,000000 0,000000 0,000000
113 1662721904 2,000000 -1,000000 -101,000000 0,000000 0,000000
113 1662721905 2,000000 -1,000000 -101,000000 0,000000 0,000000
113 1662721906 2,000000 -1,000000 -101,000000 0,000000 0,000000
113 1662721907 2,000000 -1,000000 -101,000000 0,000000 0,000000
113 1662721908 2,000000 -1,000000 -101,000000 0,000000 0,000000
113 1662721909 0,400000 -1,000000 -101,000000 0,000000 0,000000
113 1662721910 0,400000 -1,000000 -101,000000 0,000000 0,000000
113 1662721911 0,400000 -1,000000 -101,000000 0,000000 0,000000
113 1662721912 0,400000 -1,000000 -101,000000 0,000000 0,000000
113 1662721913 0,400000 -1,000000 -101,000000 0,000000 0,000000
113 1662721914 0,400000 -1,000000 -101,000000 0,000000 0,000000
113 1662721915 0,400000 -1,000000 -101,000000 0,000000 0,000000
113 1662721916 0,400000 -1,000000 -101,000000 0,000000 0,000000
113 1662721917 0,400000 -1,000000 -101,000000 0,000000 0,000000
113 1662721918 0,400000 -1,000000 -101,000000 0,000000 0,000000
113 1662721919 1,200000 -1,000000 -101,000000 0,000000 0,000000
113 1662721920 1,200000 -1,000000 -101,000000 0,000000 0,000000
113 1662721921 1,200000 -1,000000 -101,000000 0,000000 0,000000
113 1662721922 1,200000 -1,000000 -101,000000 0,000000 0,000000
113 1662721923 1,200000 -1,000000 -101,000000 0,000000 0,000000
113 1662721924 0,800000 -1,000000 -101,000000 0,000000 0,000000
113 1662721925 0,800000 -1,000000 -101,000000 0,000000 0,000000
113 1662721926 0,800000 -1,000000 -101,000000 0,000000 0,000000
113 1662721927 0,800000 -1,000000 -101,000000 0,000000 0,000000
113 1662721928 0,800000 -1,000000 -101,000000 0,000000 0,000000
113 1662721929 1,000000 -1,000000 -101,000000 0,000000 0,000000
113 1662721930 1,000000 -1,000000 -101,000000 0,000000 0,000000
113 1662721931 1,000000 -1,000000 -101,000000 0,000000 0,000000
113 1662721932 1,000000 -1,000000 -101,000000 0,000000 0,000000
113 1662721933 1,000000 -1,000000 -101,000000 0,000000 0,000000
113 1662721934 1,600000 -1,000000 -101,000000 0,000000 0,000000
113 1662721935 1,600000 -1,000000 -101,000000 0,000000 0,000000
113 1662721936 1,600000 -1,000000 -101,000000 0,000000 0,000000
113 1662721937 1,600000 -1,000000 -101,000000 0,000000 0,000000
113 1662721938 1,600000 -1,000000 -101,000000 0,000000 0,000000
113 1662721939 1,400000 -1,000000 -101,000000 0,000000 0,000000
113 1662721940 1,400000 -1,000000 -101,000000 0,000000 0,000000
113 1662721941 1,400000 -1,000000 -101,000000 0,000000 0,000000
113 1662721942 1,400000 -1,000000 -101,000000 0,000000 0,000000
113 1662721943 1,400000 -1,000000 -101,000000 0,000000 0,000000
113 1662721944 1,400000 -1,000000 -101,000000 0,000000 0,000000
113 1662721945 1,400000 -1,000000 -101,000000 0,000000 0,000000
113 1662721946 1,400000 -1,000000 -101,000000 0,000000 0,000000
113 1662721947 1,400000 -1,000000 -101,000000 0,000000 0,000000
113 1662721948 1,400000 -1,000000 -101,000000 0,000000 0,000000
113 1662721949 0,600000 -1,000000 -101,000000 0,000000 0,000000
113 1662721950 0,600000 -1,000000 -101,000000 0,000000 0,000000
113 1662721951 0,600000 -1,000000 -101,000000 0,000000 0,000000
113 1662721952 0,600000 -1,000000 -101,000000 0,000000 0,000000
113 1662721953 0,600000 -1,000000 -101,000000 0,000000 0,000000
113 1662721954 1,200000 -1,000000 -101,000000 0,000000 0,000000
113 1662721955 1,200000 -1,000000 -101,000000 0,000000 0,000000
113 1662721956 1,200000 -1,000000 -101,000000 0,000000 0,000000
113 1662721957 1,200000 -1,000000 -101,000000 0,000000 0,000000
113 1662721958 1,200000 -1,000000 -101,000000 0,000000 0,000000
113 1662721959 0,600000 -1,000000 -101,000000 0,000000 0,000000
113 1662721960 0,600000 -1,000000 -101,000000 0,000000 0,000000
113 1662721961 0,600000 -1,000000 -101,000000 0,000000 0,000000
113 1662721962 0,600000 -1,000000 -101,000000 0,000000 0,000000
113 1662721963 0,600000 -1,000000 -101,000000 0,000000 0,000000
113 1662721964 0,800000 -1,000000 -101,000000 0,000000 0,000000
113 1662721965 0,800000 -1,000000 -101,000000 0,000000 0,000000
113 1662721966 0,800000 -1,000000 -101,000000 0,000000 0,000000
113 1662721967 0,800000 -1,000000 -101,000000 0,000000 0,000000
113 1662721968 0,800000 -1,000000 -101,000000 0,000000 0,000000
113 1662721969 1,400000 -1,000000 -101,000000 0,000000 0,000000
113 1662721970 1,400000 -1,000000 -101,000000 0,000000 0,000000
113 1662721971 1,400000 -1,000000 -101,000000 0,000000 0,000000
113 1662721972 1,400000 -1,000000 -101,000000 0,000000 0,000000
113 1662721973 1,400000 -1,000000 -101,000000 0,000000 0,000000
113 1662721974 0,800000 -1,000000 -101,000000 0,000000 0,000000
113 1662721975 0,800000 -1,000000 -101,000000 0,000000 0,000000
113 1662721976 0,800000 -1,000000 -101,000000 0,000000 0,000000
113 1662721977 0,800000 -1,000000 -101,000000 0,000000 0,000000
113 1662721978 0,800000 -1,000000 -101,000000 0,000000 0,000000
113 1662721979 1,600000 -1,000000 -101,000000 0,000000 0,000000
113 1662721980 1,600000 -1,000000 -101,000000 0,000000 0,000000
113 1662721981 1,600000 -1,000000 -101,000000 0,000000 0,000000
113 1662721982 1,600000 -1,000000 -101,000000 0,000000 0,000000
113 1662721983 1,600000 -1,000000 -101,000000 0,000000 0,000000
113 1662721984 1,000000 -1,000000 -101,000000 0,000000 0,000000
113 1662721985 1,000000 -1,000000 -101,000000 0,000000 0,000000
113 1662721986 1,000000 -1,000000 -101,000000 0,000000 0,000000
113 1662721987 1,000000 -1,000000 -101,000000 0,000000 0,000000
113 1662721988 1,000000 -1,000000 -101,000000 0,000000 0,000000
113 1662721989 0,400000 -1,000000 -101,000000 0,000000 0,000000
113 1662721990 0,400000 -1,000000 -101,000000 0,000000 0,000000
113 1662721991 0,400000 -1,000000 -101,000000 0,000000 0,000000
113 1662721992 0,400000 -1,000000 -101,000000 0,000000 0,000000
113 1662721993 0,400000 -1,000000 -101,000000 0,000000 0,000000
113 1662721994 1,000000 -1,000000 -101,000000 0,000000 0,000000
113 1662721995 1,000000 -1,000000 -101,000000 0,000000 0,000000
113 1662721996 1,000000 -1,000000 -101,000000 0,000000 0,000000
113 1662721997 1,000000 -1,000000 -101,000000 0,000000 0,000000
113 1662721998 1,000000 -1,000000 -101,000000 0,000000 0,000000
113 1662721999 1,800000 -1,000000 -101,000000 0,000000 0,000000
113 1662722000 1,800000 -1,000000 -101,000000 0,000000 0,000000
113 1662722001 1,800000 -1,000000 -101,000000 0,000000 0,000000
113 1662722002 1,800000 -1,000000 -101,000000 0,000000 0,000000
113 1662722003 1,800000 -1,000000 -101,000000 0,000000 0,000000
113 1662722004 1,200000 -1,000000 -101,000000 0,000000 0,000000
113 1662722005 1,200000 -1,000000 -101,000000 0,000000 0,000000
113 1662722006 1,200000 -1,000000 -101,000000 0,000000 0,000000
113 1662722007 1,200000 -1,000000 -101,000000 0,000000 0,000000
113 1662722008 1,200000 -1,000000 -101,000000 0,000000 0,000000
113 1662722009 1,200000 -1,000000 -101,000000 0,000000 0,000000
113 1662722010 1,200000 -1,000000 -101,000000 0,000000 0,000000
113 1662722011 1,200000 -1,000000 -101,000000 0,000000 0,000000
113 1662722012 1,200000 -1,000000 -101,000000 0,000000 0,000000
113 1662722013 1,200000 -1,000000 -101,000000 0,000000 0,000000
113 1662722014 2,400000 -1,000000 -101,000000 0,000000 0,000000
113 1662722015 2,400000 -1,000000 -101,000000 0,000000 0,000000
113 1662722016 2,400000 -1,000000 -101,000000 0,000000 0,000000
113 1662722017 2,400000 -1,000000 -101,000000 0,000000 0,000000
113 1662722018 2,400000 -1,000000 -101,000000 0,000000 0,000000
113 1662722019 0,800000 -1,000000 -101,000000 0,000000 0,000000
113 1662722020 0,800000 -1,000000 -101,000000 0,000000 0,000000
113 1662722021 0,800000 -1,000000 -101,000000 0,000000 0,000000
113 1662722022 0,800000 -1,000000 -101,000000 0,000000 0,000000
113 1662722023 0,800000 -1,000000 -101,000000 0,000000 0,000000
113 1662722024 1,400000 -1,000000 -101,000000 0,000000 0,000000
113 1662722025 1,400000 -1,000000 -101,000000 0,000000 0,000000
113 1662722026 1,400000 -1,000000 -101,000000 0,000000 0,000000
113 1662722027 1,400000 -1,000000 -101,000000 0,000000 0,000000
113 1662722028 1,400000 -1,000000 -101,000000 0,000000 0,000000
113 1662722029 1,200000 -1,000000 -101,000000 0,000000 0,000000
113 1662722030 1,200000 -1,000000 -101,000000 0,000000 0,000000
113 1662722031 1,200000 -1,000000 -101,000000 0,000000 0,000000
113 1662722032 1,200000 -1,000000 -101,000000 0,000000 0,000000
113 1662722033 1,200000 -1,000000 -101,000000 0,000000 0,000000
113 1662722034 1,200000 -1,000000 -101,000000 0,000000 0,000000
113 1662722035 1,200000 -1,000000 -101,000000 0,000000 0,000000
113 1662722036 1,200000 -1,000000 -101,000000 0,000000 0,000000
113 1662722037 1,200000 -1,000000 -101,000000 0,000000 0,000000
113 1662722038 1,200000 -1,000000 -101,000000 0,000000 0,000000
113 1662722039 1,000000 -1,000000 -101,000000 0,000000 0,000000
113 1662722040 1,000000 -1,000000 -101,000000 0,000000 0,000000
113 1662722041 1,000000 -1,000000 -101,000000 0,000000 0,000000
113 1662722042 1,000000 -1,000000 -101,000000 0,000000 0,000000
113 1662722043 1,000000 -1,000000 -101,000000 0,000000 0,000000
113 1662722044 0,400000 -1,000000 -101,000000 0,000000 0,000000
113 1662722045 0,400000 -1,000000 -101,000000 0,000000 0,000000
113 1662722046 0,400000 -1,000000 -101,000000 0,000000 0,000000
113 1662722047 0,400000 -1,000000 -101,000000 0,000000 0,000000
113 1662722048 0,400000 -1,000000 -101,000000 0,000000 0,000000
113 1662722049 0,400000 -1,000000 -101,000000 0,000000 0,000000
113 1662722050 0,400000 -1,000000 -101,000000 0,000000 0,000000
113 1662722051 0,400000 -1,000000 -101,000000 0,000000 0,000000
113 1662722052 0,400000 -1,000000 -101,000000 0,000000 0,000000
113 1662722053 0,400000 -1,000000 -101,000000 0,000000 0,000000
113 1662722054 0,800000 -1,000000 -101,000000 0,000000 0,000000
113 1662722055 0,800000 -1,000000 -101,000000 0,000000 0,000000
113 1662722056 0,800000 -1,000000 -101,000000 0,000000 0,000000
113 1662722057 0,800000 -1,000000 -101,000000 0,000000 0,000000
113 1662722058 0,800000 -1,000000 -101,000000 0,000000 0,000000
113 1662722059 0,600000 -1,000000 -101,000000 0,000000 0,000000
113 1662722060 0,600000 -1,000000 -101,000000 0,000000 0,000000
113 1662722061 0,600000 -1,000000 -101,000000 0,000000 0,000000
113 1662722062 0,600000 -1,000000 -101,000000 0,000000 0,000000
113 1662722063 0,600000 -1,000000 -101,000000 0,000000 0,000000
113 1662722064 1,200000 -1,000000 -101,000000 0,000000 0,000000
113 1662722065 1,200000 -1,000000 -101,000000 0,000000 0,000000
113 1662722066 1,200000 -1,000000 -101,000000 0,000000 0,000000
113 1662722067 1,200000 -1,000000 -101,000000 0,000000 0,000000
113 1662722068 1,200000 -1,000000 -101,000000 0,000000 0,000000
113 1662722069 1,200000 -1,000000 -101,000000 0,000000 0,000000
113 1662722070 1,200000 -1,000000 -101,000000 0,000000 0,000000
113 1662722071 1,200000 -1,000000 -101,000000 0,000000 0,000000
113 1662722072 1,200000 -1,000000 -101,000000 0,000000 0,000000
113 1662722073 1,200000 -1,000000 -101,000000 0,000000 0,000000
113 1662722074 1,800000 -1,000000 -101,000000 0,000000 0,000000
113 1662722075 1,800000 -1,000000 -101,000000 0,000000 0,000000
113 1662722076 1,800000 -1,000000 -101,000000 0,000000 0,000000
113 1662722077 1,800000 -1,000000 -101,000000 0,000000 0,000000
113 1662722078 1,800000 -1,000000 -101,000000 0,000000 0,000000
113 1662722079 1,200000 -1,000000 -101,000000 0,000000 0,000000
113 1662722080 1,200000 -1,000000 -101,000000 0,000000 0,000000
113 1662722081 1,200000 -1,000000 -101,000000 0,000000 0,000000
113 1662722082 1,200000 -1,000000 -101,000000 0,000000 0,000000
113 1662722083 1,200000 -1,000000 -101,000000 0,000000 0,000000
113 1662722084 2,200000 -1,000000 -101,000000 0,000000 0,000000
113 1662722085 2,200000 -1,000000 -101,000000 0,000000 0,000000
113 1662722086 2,200000 -1,000000 -101,000000 0,000000 0,000000
113 1662722087 2,200000 -1,000000 -101,000000 0,000000 0,000000
113 1662722088 2,200000 -1,000000 -101,000000 0,000000 0,000000
113 1662722089 1,600000 -1,000000 -101,000000 0,000000 0,000000
113 1662722090 1,600000 -1,000000 -101,000000 0,000000 0,000000
113 1662722091 1,600000 -1,000000 -101,000000 0,000000 0,000000
113 1662722092 1,600000 -1,000000 -101,000000 0,000000 0,000000
113 1662722093 1,600000 -1,000000 -101,000000 0,000000 0,000000
113 1662722094 1,200000 -1,000000 -101,000000 0,000000 0,000000
113 1662722095 1,200000 -1,000000 -101,000000 0,000000 0,000000
113 1662722096 1,200000 -1,000000 -101,000000 0,000000 0,000000
113 1662722097 1,200000 -1,000000 -101,000000 0,000000 0,000000
113 1662722098 1,200000 -1,000000 -101,000000 0,000000 0,000000
113 1662722099 0,400000 -1,000000 -101,000000 0,000000 0,000000
113 1662722100 0,400000 -1,000000 -101,000000 0,000000 0,000000
113 1662722101 0,400000 -1,000000 -101,000000 0,000000 0,000000
113 1662722102 0,400000 -1,000000 -101,000000 0,000000 0,000000
113 1662722103 0,400000 -1,000000 -101,000000 0,000000 0,000000
113 1662722104 1,000000 -1,000000 -101,000000 0,000000 0,000000
113 1662722105 1,000000 -1,000000 -101,000000 0,000000 0,000000
113 1662722106 1,000000 -1,000000 -101,000000 0,000000 0,000000
113 1662722107 1,000000 -1,000000 -101,000000 0,000000 0,000000
113 1662722108 1,000000 -1,000000 -101,000000 0,000000 0,000000
113 1662722109 0,400000 -1,000000 -101,000000 0,000000 0,000000
113 1662722110 0,400000 -1,000000 -101,000000 0,000000 0,000000
113 1662722111 0,400000 -1,000000 -101,000000 0,000000 0,000000
113 1662722112 0,400000 -1,000000 -101,000000 0,000000 0,000000
113 1662722113 0,400000 -1,000000 -101,000000 0,000000 0,000000
113 1662722114 0,400000 -1,000000 -101,000000 0,000000 0,000000
113 1662722115 0,400000 -1,000000 -101,000000 0,000000 0,000000
113 1662722116 0,400000 -1,000000 -101,000000 0,000000 0,000000
113 1662722117 0,400000 -1,000000 -101,000000 0,000000 0,000000
113 1662722118 0,400000 -1,000000 -101,000000 0,000000 0,000000
113 1662722119 0,800000 -1,000000 -101,000000 0,000000 0,000000
113 1662722120 0,800000 -1,000000 -101,000000 0,000000 0,000000
113 1662722121 0,800000 -1,000000 -101,000000 0,000000 0,000000
113 1662722122 0,800000 -1,000000 -101,000000 0,000000 0,000000
113 1662722123 0,800000 -1,000000 -101,000000 0,000000 0,000000
113 1662722124 1,400000 -1,000000 -101,000000 0,000000 0,000000
113 1662722125 1,400000 -1,000000 -101,000000 0,000000 0,000000
113 1662722126 1,400000 -1,000000 -101,000000 0,000000 0,000000
113 1662722127 1,400000 -1,000000 -101,000000 0,000000 0,000000
113 1662722128 1,400000 -1,000000 -101,000000 0,000000 0,000000
113 1662722129 0,600000 -1,000000 -101,000000 0,000000 0,000000
113 1662722130 0,600000 -1,000000 -101,000000 0,000000 0,000000
113 1662722131 0,600000 -1,000000 -101,000000 0,000000 0,000000
113 1662722132 0,600000 -1,000000 -101,000000 0,000000 0,000000
113 1662722133 0,600000 -1,000000 -101,000000 0,000000 0,000000
113 1662722134 1,200000 -1,000000 -101,000000 0,000000 0,000000
113 1662722135 1,200000 -1,000000 -101,000000 0,000000 0,000000
113 1662722136 1,200000 -1,000000 -101,000000 0,000000 0,000000
113 1662722137 1,200000 -1,000000 -101,000000 0,000000 0,000000
113 1662722138 1,200000 -1,000000 -101,000000 0,000000 0,000000
113 1662722139 0,600000 -1,000000 -101,000000 0,000000 0,000000
113 1662722140 0,600000 -1,000000 -101,000000 0,000000 0,000000
113 1662722141 0,600000 -1,000000 -101,000000 0,000000 0,000000
113 1662722142 0,600000 -1,000000 -101,000000 0,000000 0,000000
113 1662722143 0,600000 -1,000000 -101,000000 0,000000 0,000000
113 1662722144 1,000000 -1,000000 -101,000000 0,000000 0,000000
113 1662722145 1,000000 -1,000000 -101,000000 0,000000 0,000000
113 1662722146 1,000000 -1,000000 -101,000000 0,000000 0,000000
113 1662722147 1,000000 -1,000000 -101,000000 0,000000 0,000000
113 1662722148 1,000000 -1,000000 -101,000000 0,000000 0,000000
113 1662722149 0,800000 -1,000000 -101,000000 0,000000 0,000000
113 1662722150 0,800000 -1,000000 -101,000000 0,000000 0,000000
113 1662722151 0,800000 -1,000000 -101,000000 0,000000 0,000000
113 1662722152 0,800000 -1,000000 -101,000000 0,000000 0,000000
113 1662722153 0,800000 -1,000000 -101,000000 0,000000 0,000000
113 1662722154 2,200000 -1,000000 -101,000000 0,000000 0,000000
113 1662722155 2,200000 -1,000000 -101,000000 0,000000 0,000000
113 1662722156 2,200000 -1,000000 -101,000000 0,000000 0,000000
113 1662722157 2,200000 -1,000000 -101,000000 0,000000 0,000000
113 1662722158 2,200000 -1,000000 -101,000000 0,000000 0,000000
113 1662722159 0,800000 -1,000000 -101,000000 0,000000 0,000000
113 1662722160 0,800000 -1,000000 -101,000000 0,000000 0,000000
113 1662722161 0,800000 -1,000000 -101,000000 0,000000 0,000000
113 1662722162 0,800000 -1,000000 -101,000000 0,000000 0,000000
113 1662722163 0,800000 -1,000000 -101,000000 0,000000 0,000000
113 1662722164 1,400000 -1,000000 -101,000000 0,000000 0,000000
113 1662722165 1,400000 -1,000000 -101,000000 0,000000 0,000000
113 1662722166 1,400000 -1,000000 -101,000000 0,000000 0,000000
113 1662722167 1,400000 -1,000000 -101,000000 0,000000 0,000000
113 1662722168 1,400000 -1,000000 -101,000000 0,000000 0,000000
113 1662722169 1,600000 -1,000000 -101,000000 0,000000 0,000000
113 1662722170 1,600000 -1,000000 -101,000000 0,000000 0,000000
113 1662722171 1,600000 -1,000000 -101,000000 0,000000 0,000000
113 1662722172 1,600000 -1,000000 -101,000000 0,000000 0,000000
113 1662722173 1,600000 -1,000000 -101,000000 0,000000 0,000000
113 1662722174 0,800000 -1,000000 -101,000000 0,000000 0,000000
113 1662722175 0,800000 -1,000000 -101,000000 0,000000 0,000000
113 1662722176 0,800000 -1,000000 -101,000000 0,000000 0,000000
113 1662722177 0,800000 -1,000000 -101,000000 0,000000 0,000000
113 1662722178 0,800000 -1,000000 -101,000000 0,000000 0,000000
113 1662722179 1,200000 -1,000000 -101,000000 0,000000 0,000000
113 1662722180 1,200000 -1,000000 -101,000000 0,000000 0,000000
113 1662722181 1,200000 -1,000000 -101,000000 0,000000 0,000000
113 1662722182 1,200000 -1,000000 -101,000000 0,000000 0,000000
113 1662722183 1,200000 -1,000000 -101,000000 0,000000 0,000000
113 1662722184 2,000000 -1,000000 -101,000000 0,000000 0,000000
113 1662722185 2,000000 -1,000000 -101,000000 0,000000 0,000000
113 1662722186 2,000000 -1,000000 -101,000000 0,000000 0,000000
113 1662722187 2,000000 -1,000000 -101,000000 0,000000 0,000000
113 1662722188 2,000000 -1,000000 -101,000000 0,000000 0,000000
113 1662722189 1,600000 -1,000000 -101,000000 0,000000 0,000000
113 1662722190 1,600000 -1,000000 -101,000000 0,000000 0,000000
113 1662722191 1,600000 -1,000000 -101,000000 0,000000 0,000000
113 1662722192 1,600000 -1,000000 -101,000000 0,000000 0,000000
113 1662722193 1,600000 -1,000000 -101,000000 0,000000 0,000000
113 1662722194 0,600000 -1,000000 -101,000000 0,000000 0,000000
113 1662722195 0,600000 -1,000000 -101,000000 0,000000 0,000000
113 1662722196 0,600000 -1,000000 -101,000000 0,000000 0,000000
113 1662722197 0,600000 -1,000000 -101,000000 0,000000 0,000000
113 1662722198 0,600000 -1,000000 -101,000000 0,000000 0,000000
113 1662722199 0,800000 -1,000000 -101,000000 0,000000 0,000000
113 1662722200 0,800000 -1,000000 -101,000000 0,000000 0,000000
113 1662722201 0,800000 -1,000000 -101,000000 0,000000 0,000000
113 1662722202 0,800000 -1,000000 -101,000000 0,000000 0,000000
113 1662722203 0,800000 -1,000000 -101,000000 0,000000 0,000000
113 1662722204 0,600000 -1,000000 -101,000000 0,000000 0,000000
113 1662722205 0,600000 -1,000000 -101,000000 0,000000 0,000000
113 1662722206 0,600000 -1,000000 -101,000000 0,000000 0,000000
113 1662722207 0,600000 -1,000000 -101,000000 0,000000 0,000000
113 1662722208 0,600000 -1,000000 -101,000000 0,000000 0,000000
113 1662722209 0,800000 -1,000000 -101,000000 0,000000 0,000000
113 1662722210 0,800000 -1,000000 -101,000000 0,000000 0,000000
113 1662722211 0,800000 -1,000000 -101,000000 0,000000 0,000000
113 1662722212 0,800000 -1,000000 -101,000000 0,000000 0,000000
113 1662722213 0,800000 -1,000000 -101,000000 0,000000 0,000000
113 1662722214 0,800000 -1,000000 -101,000000 0,000000 0,000000
113 1662722215 0,800000 -1,000000 -101,000000 0,000000 0,000000
113 1662722216 0,800000 -1,000000 -101,000000 0,000000 0,000000
113 1662722217 0,800000 -1,000000 -101,000000 0,000000 0,000000
113 1662722218 0,800000 -1,000000 -101,000000 0,000000 0,000000
113 1662722219 1,000000 -1,000000 -101,000000 0,000000 0,000000
113 1662722220 1,000000 -1,000000 -101,000000 0,000000 0,000000
113 1662722221 1,000000 -1,000000 -101,000000 0,000000 0,000000
113 1662722222 1,000000 -1,000000 -101,000000 0,000000 0,000000
113 1662722223 1,000000 -1,000000 -101,000000 0,000000 0,000000
113 1662722224 0,800000 -1,000000 -101,000000 0,000000 0,000000
113 1662722225 0,800000 -1,000000 -101,000000 0,000000 0,000000
113 1662722226 0,800000 -1,000000 -101,000000 0,000000 0,000000
113 1662722227 0,800000 -1,000000 -101,000000 0,000000 0,000000
